# dungeon-rtgp camera path v1
seed 12345
# tMs px py pz yaw pitch
0 19.07968 1.6 6.4 -257 -18.25
20.87402 19.07968 1.6 6.4 -257 -18.25
43.58673 19.07968 1.6 6.4 -257 -18.25
83.15277 19.07968 1.6 6.4 -257 -18.25
120.3613 19.07968 1.6 6.4 -257 -18.25
158.0734 19.07968 1.6 6.4 -257 -18.25
197.0139 19.07968 1.6 6.4 -257 -18.25
218.956 19.07968 1.6 6.4 -257 -18.25
252.4872 19.07968 1.6 6.4 -257 -18.25
273.9639 19.07968 1.6 6.4 -257 -18.25
311.2717 19.07968 1.6 6.4 -257 -18.25
348.8922 19.07968 1.6 6.4 -257 -18.25
386.5509 19.07968 1.6 6.4 -257 -18.25
423.4848 19.07968 1.6 6.4 -257 -18.25
462.9288 19.07968 1.6 6.4 -257 -18.25
498.764 19.07968 1.6 6.4 -257 -18.25
535.5453 19.07968 1.6 6.4 -257 -18.25
572.8073 19.07968 1.6 6.4 -257 -18.25
611.8393 19.07968 1.6 6.4 -257 -18.25
648.6053 19.07968 1.6 6.4 -257 -18.25
685.1196 19.07968 1.6 6.4 -257 -18.25
721.5347 19.07968 1.6 6.4 -257 -18.25
761.5662 19.07968 1.6 6.4 -257 -18.25
782.1121 19.07968 1.6 6.4 -257 -18.25
802.4902 19.07968 1.6 6.4 -257 -18.25
839.5996 19.07968 1.6 6.4 -257 -18.25
878.2883 19.07968 1.6 6.4 -257 -18.25
898.8342 19.07968 1.6 6.4 -257 -18.25
934.3567 19.07968 1.6 6.4 -257 -18.25
972.5571 19.07968 1.6 6.4 -257 -18.25
1012.817 19.07968 1.6 6.4 -257 -18.25
1053.627 19.07968 1.6 6.4 -257 -18.25
1092.278 19.07968 1.6 6.4 -257 -18.25
1112.755 19.07968 1.6 6.4 -257 -18.25
1151.733 19.07968 1.6 6.4 -257 -18.25
1189.636 19.07968 1.6 6.4 -257 -18.25
1227.15 19.07968 1.6 6.4 -257 -18.25
1249.237 19.07968 1.6 6.4 -257 -18.25
1285.294 19.07968 1.6 6.4 -257 -18.25
1319.267 19.07968 1.6 6.4 -257 -18.25
1357.857 19.07968 1.6 6.4 -257 -18.25
1378.365 19.07968 1.6 6.4 -257 -18.25
1414.833 19.07968 1.6 6.4 -257 -18.25
1452.034 19.07968 1.6 6.4 -257 -18.25
1488.167 19.07968 1.6 6.4 -257 -18.25
1524.124 19.07968 1.6 6.4 -257 -18.25
1563.774 19.07968 1.6 6.4 -257 -18.25
1599.632 19.07968 1.6 6.4 -257 -18.25
1636.413 19.07968 1.6 6.4 -257 -18.25
1675.873 19.07968 1.6 6.4 -257 -18.25
1711.906 19.07968 1.6 6.4 -257 -18.25
1734.481 19.07968 1.6 6.4 -257 -18.25
1769.088 19.07968 1.6 6.4 -257 -18.25
1804.847 19.07968 1.6 6.4 -257 -18.25
1827.293 19.07968 1.6 6.4 -257 -18.25
1864.525 19.07968 1.6 6.4 -257 -18.25
1902.672 19.07968 1.6 6.4 -257 -18.25
1924.896 19.07968 1.6 6.4 -257 -18.25
1962.166 19.07968 1.6 6.4 -257 -18.25
1982.467 19.07968 1.6 6.4 -257 -18.25
2003.715 19.07968 1.6 6.4 -257 -18.25
2041.954 19.07968 1.6 6.4 -257 -18.25
2079.711 19.07968 1.6 6.4 -257 -18.25
2100.021 19.07968 1.6 6.4 -257 -18.25
2136.253 19.07968 1.6 6.4 -257 -18.25
2175.918 19.07968 1.6 6.4 -257.25 -17.75
2213.997 19.07968 1.6 6.4 -257.75 -16.75
2252.876 19.07968 1.6 6.4 -256.5 -14.5
2288.498 19.07968 1.6 6.4 -254.25 -13
2327.271 19.07968 1.6 6.4 -251.5 -11.5
2347.58 19.07968 1.6 6.4 -250.25 -11
2385.17 19.07968 1.6 6.4 -245.5 -9.5
2421.227 19.07968 1.6 6.4 -241.75 -8.25
2456.131 19.07968 1.6 6.4 -237.25 -7
2494.301 19.07968 1.6 6.4 -231.5 -4.75
2530.808 19.07968 1.6 6.4 -228.5 -4.25
2565.857 19.07968 1.6 6.4 -221.5 -3.25
2602.662 19.07968 1.6 6.4 -215.25 -2.5
2638.848 19.07968 1.6 6.4 -209.25 -2.5
2674.233 19.07968 1.6 6.4 -203 -2.5
2709.481 19.07968 1.6 6.4 -199 -2.5
2729.859 19.07968 1.6 6.4 -198.25 -2.5
2766.121 19.07968 1.6 6.4 -198.25 -2.5
2805.26 19.07968 1.6 6.4 -198.25 -2.5
2826.104 19.07968 1.6 6.4 -198.25 -2.5
2865.776 19.07968 1.6 6.4 -198.25 -2.5
2906.06 19.07968 1.6 6.4 -198.25 -2.5
2946.144 19.07968 1.6 6.4 -198.25 -2.5
2985.001 19.07968 1.6 6.4 -198.25 -2.5
3006.333 19.07968 1.6 6.4 -198.25 -2.5
3026.962 19.07968 1.6 6.4 -198.75 -2.5
3049.614 19.07968 1.6 6.4 -200.5 -2.5
3070.053 19.07968 1.6 6.4 -202 -2.5
3090.729 19.07968 1.6 6.4 -204.25 -2.5
3110.894 19.07968 1.6 6.4 -206 -2.5
3133.042 19.07968 1.6 6.4 -208.75 -2.5
3172.097 19.07968 1.6 6.4 -213.25 -2.5
3193.573 19.07968 1.6 6.4 -216.25 -2.5
3213.959 19.07968 1.6 6.4 -219 -2.5
3252.251 19.07968 1.6 6.4 -225.5 -2.75
3291.825 19.07968 1.6 6.4 -232.5 -3.75
3329.201 19.07968 1.6 6.4 -237.5 -4.75
3366.021 19.07968 1.6 6.4 -242.75 -5.25
3402.878 19.07968 1.6 6.4 -246 -5.5
3438.645 19.07968 1.6 6.4 -250 -6
3474.648 19.07968 1.6 6.4 -252.75 -6.25
3512.444 19.07968 1.6 6.4 -256.25 -7
3549.904 19.07968 1.6 6.4 -260.5 -7.75
3587.441 19.07968 1.6 6.4 -264.75 -8.25
3622.521 19.07968 1.6 6.4 -268.75 -9
3642.754 19.07968 1.6 6.4 -270.5 -9.25
3680.733 19.07968 1.6 6.4 -275 -9.75
3718.483 19.07968 1.6 6.4 -279.25 -10.75
3739.181 19.07968 1.6 6.4 -281.5 -11.5
3778.091 19.07968 1.6 6.4 -286.75 -12.5
3798.149 19.07968 1.6 6.4 -289 -13
3819.046 19.07968 1.6 6.4 -291.75 -13.25
3856.415 19.07968 1.6 6.4 -294.75 -13.5
3892.975 19.07968 1.6 6.4 -297.75 -13.5
3933.594 19.07968 1.6 6.4 -301 -13.75
3971.588 19.07968 1.6 6.4 -306.25 -14.75
3993.438 19.07968 1.6 6.4 -310.25 -15.5
4015.365 19.07968 1.6 6.4 -313 -16
4055.954 19.07968 1.6 6.4 -321.5 -17.5
4077.583 19.07968 1.6 6.4 -325 -18
4100.364 19.07968 1.6 6.4 -328.25 -18.25
4139.427 19.07968 1.6 6.4 -335.75 -19.25
4174.255 19.07968 1.6 6.4 -342.25 -19.75
4194.374 19.07968 1.6 6.4 -348.25 -20.25
4215.507 19.07968 1.6 6.4 -352.5 -20.5
4237.403 19.07968 1.6 6.4 -359 -21.25
4277.809 19.07968 1.6 6.4 -371.25 -21.5
4299.827 19.07968 1.6 6.4 -375.75 -21.5
4336.181 19.07968 1.6 6.4 -385.5 -21.5
4376.693 19.07968 1.6 6.4 -392.25 -21.5
4397.514 19.07968 1.6 6.4 -395 -21.5
4435.295 19.07968 1.6 6.4 -396.5 -21.5
4468.238 19.07968 1.6 6.4 -397.25 -21.5
4503.753 19.07968 1.6 6.4 -398 -21.5
4541.87 19.07968 1.6 6.4 -398.75 -21.5
4580.734 19.15067 1.6 6.486886 -399.25 -21.5
4621.154 19.29553 1.6 6.663504 -399.5 -21.5
4657.462 19.44307 1.6 6.840155 -400 -21.5
4695.907 19.59406 1.6 7.01774 -400.5 -21.25
4734.52 19.74728 1.6 7.194791 -401 -21
4771.842 19.89757 1.6 7.364607 -401.75 -20.75
4808.517 20.03993 1.6 7.521933 -402.5 -20.25
4846.511 20.19378 1.6 7.687667 -403 -19.75
4882.362 20.34341 1.6 7.843271 -404.25 -18.75
4919.219 20.64318 1.6 7.839419 -406 -17.5
4954.108 20.79247 1.6 7.679325 -407.25 -16.75
4990.92 20.93505 1.6 7.517475 -408.75 -15.5
5027.305 21.07977 1.6 7.348803 -409.5 -14.5
5063.865 21.22068 1.6 7.180868 -410 -13.75
5097.51 21.35065 1.6 7.023839 -410.5 -12.5
5132.56 21.48626 1.6 6.856276 -411.25 -10.75
5169.761 21.6 1.6 6.685547 -412 -9.25
5206.054 21.6 1.6 6.507032 -412.75 -7
5244.513 21.6 1.6 6.507032 -413 -5.5
5283.865 21.6 1.6 6.507032 -413 -4.75
5323.088 21.6 1.6 6.507032 -412.75 -4
5362.853 21.6 1.6 6.507032 -412 -3.75
5400.832 21.6 1.6 6.507032 -412 -3.5
5421.179 21.6 1.6 6.507032 -412 -3.5
5459.417 21.6 1.6 6.507032 -412 -3.5
5479.49 21.6 1.6 6.507032 -412 -3.5
5499.586 21.6 1.6 6.507032 -412 -3.5
5534.772 21.6 1.6 6.507032 -412 -3.5
5571.943 21.6 1.6 6.507032 -412 -3.5
5610.517 21.6 1.6 6.507032 -412 -3.5
5648.298 21.6 1.6 6.507032 -412 -3.5
5685.85 21.6 1.6 6.507032 -412 -3.5
5725.706 21.6 1.6 6.507032 -412 -3.5
5764.188 21.6 1.6 6.507032 -412 -3.5
5803.472 21.6 1.6 6.507032 -412 -3.5
5823.521 21.6 1.6 6.507032 -412 -3.5
5862.805 21.6 1.6 6.507032 -412 -3.5
5898.739 21.6 1.6 6.507032 -412 -3.5
5935.673 21.6 1.6 6.507032 -412 -3.5
5974.209 21.6 1.6 6.507032 -412 -3.5
6013.821 21.6 1.6 6.507032 -412 -3.5
6053.066 21.6 1.6 6.507032 -412 -3.5
6092.671 21.6 1.6 6.507032 -412 -3.5
6131.81 21.6 1.6 6.507032 -412 -3.5
6169.689 21.6 1.6 6.507032 -412 -3.5
6209.912 21.6 1.6 6.507032 -412 -3.5
6248.623 21.6 1.6 6.507032 -412 -3.5
6287.602 21.6 1.6 6.507032 -412 -3.5
6326.939 21.6 1.6 6.507032 -412 -3.5
6347.371 21.6 1.6 6.507032 -412 -3.5
6384.762 21.6 1.6 6.507032 -412 -3.5
6421.551 21.6 1.6 6.507032 -412 -3.5
6461.117 21.6 1.6 6.507032 -412 -3.5
6497.472 21.6 1.6 6.507032 -412 -3.5
6517.72 21.6 1.6 6.507032 -412 -3.5
6554.242 21.6 1.6 6.507032 -412 -3.5
6593.473 21.6 1.6 6.507032 -412 -3.5
6630.658 21.6 1.6 6.507032 -412 -3.5
6669.011 21.6 1.6 6.507032 -412 -3.5
6707.006 21.6 1.6 6.507032 -412 -3.5
6747.151 21.6 1.6 6.507032 -412 -3.5
6782.537 21.6 1.6 6.507032 -412 -3.5
6803.044 21.6 1.6 6.507032 -412 -3.5
6839.658 21.6 1.6 6.507032 -412 -3.5
6860.769 21.6 1.6 6.507032 -412 -3.5
6898.412 21.6 1.6 6.507032 -412 -3.5
6935.781 21.6 1.6 6.507032 -412 -3.5
6974.653 21.6 1.6 6.507032 -412 -3.5
7012.701 21.6 1.6 6.507032 -413.25 -3.75
7052.48 21.6 1.6 6.507032 -417.25 -4.5
7090.62 21.6 1.6 6.507032 -421.75 -5
7111.486 21.6 1.6 6.507032 -423.25 -5
7150.694 21.6 1.6 6.507032 -427.5 -5.5
7188.124 21.6 1.6 6.507032 -431 -6
7224.852 21.6 1.6 6.507032 -434.25 -6.5
7245.046 21.6 1.6 6.507032 -436 -6.75
7280.835 21.6 1.6 6.507032 -440.5 -7.5
7316.381 21.6 1.6 6.507032 -445 -8.25
7336.721 21.6 1.6 6.507032 -446.25 -8.5
7373.532 21.6 1.6 6.507032 -450.25 -9
7410.077 21.6 1.6 6.507032 -453.5 -9.5
7447.278 21.6 1.6 6.507032 -457 -10
7482.938 21.6 1.6 6.507032 -459 -10.5
7517.88 21.6 1.6 6.507032 -461 -10.75
7556.126 21.6 1.6 6.507032 -462.75 -11
7592.976 21.6 1.6 6.507032 -465.5 -11.25
7630.787 21.6 1.6 6.507032 -468.5 -11.75
7667.629 21.6 1.6 6.507032 -470.5 -12
7706.158 21.6 1.6 6.507032 -472 -12.25
7743.938 21.6 1.6 6.507032 -474 -13
7764.187 21.6 1.6 6.507032 -475 -13
7800.541 21.6 1.6 6.507032 -477.25 -15.25
7838.955 21.6 1.6 6.507032 -478 -16.5
7858.967 21.6 1.6 6.507032 -478 -16.5
7879.131 21.6 1.6 6.507032 -478 -16.5
7916.149 21.6 1.6 6.507032 -478 -16.5
7953.648 21.6 1.6 6.507032 -478 -16.5
7991.505 21.6 1.6 6.507032 -478 -16.5
8030.689 21.6 1.6 6.507032 -478 -16.5
8067.41 21.6 1.6 6.507032 -478 -16.5
8105.961 21.6 1.6 6.507032 -478 -16.5
8126.37 21.6 1.6 6.507032 -478 -16.5
8163.815 21.6 1.6 6.507032 -478 -16.5
8201.542 21.6 1.6 6.507032 -478 -16.5
8239.437 21.6 1.6 6.507032 -478 -16.5
8277.554 21.6 1.6 6.507032 -478 -16.5
8314.511 21.6 1.6 6.507032 -478.25 -16.5
8352.978 21.6 1.6 6.507032 -478.5 -16.75
8390.095 21.6 1.6 6.507032 -479.5 -16.75
8429.249 21.6 1.6 6.507032 -480.75 -17
8467.229 21.6 1.6 6.507032 -482 -17
8504.788 21.6 1.6 6.507032 -485.25 -17
8543.126 21.6 1.6 6.507032 -489.25 -17
8580.342 21.6 1.6 6.507032 -496.25 -17
8618.634 21.6 1.6 6.507032 -502.25 -17
8656.735 21.6 1.6 6.507032 -508.5 -17
8695.104 21.6 1.6 6.507032 -515.5 -17
8732.251 21.6 1.6 6.507032 -520.5 -17
8769.208 21.6 1.6 6.507032 -528.25 -17
8805.623 21.6 1.6 6.507032 -535.5 -17.25
8843.114 21.6 1.6 6.507032 -542 -17.25
8880.301 21.6 1.6 6.507032 -549.25 -17.5
8919.752 21.6 1.6 6.507032 -557.5 -17.5
8957.808 21.6 1.6 6.507032 -566 -17.5
8997.054 21.6 1.6 6.507032 -572.5 -17.5
9017.783 21.6 1.6 6.507032 -575 -17.5
9037.955 21.6 1.6 6.507032 -578 -17.5
9075.164 21.6 1.6 6.507032 -583.25 -17.5
9112.654 21.6 1.6 6.507032 -589.75 -17.5
9147.413 21.6 1.6 6.507032 -595.75 -16.75
9183.187 21.6 1.6 6.507032 -602.25 -15.25
9218.067 21.6 1.6 6.507032 -607.75 -14
9253.583 21.6 1.6 6.507032 -618 -13
9291.601 21.6 1.6 6.507032 -621 -11.75
9330.015 21.6 1.6 6.507032 -621 -11.75
9367.46 21.6 1.6 6.507032 -621 -11.75
9407.834 21.6 1.6 6.507032 -621 -11.75
9447.568 21.6 1.6 6.507032 -621 -11.75
9468.099 21.6 1.6 6.507032 -621 -11.75
9488.889 21.6 1.6 6.507032 -621 -11.75
9509.114 21.6 1.6 6.507032 -621 -11.75
9529.34 21.6 1.6 6.507032 -621 -11.75
9549.604 21.6 1.6 6.507032 -621 -11.75
9570.058 21.6 1.6 6.507032 -621 -11.5
9590.085 21.6 1.6 6.507032 -621 -11.5
9630.933 21.55995 1.6 6.763568 -621.25 -11.25
9652.813 21.54292 1.6 6.877522 -621.5 -11.25
9690.061 21.51293 1.6 7.090894 -622 -11.25
9727.109 21.48273 1.6 7.305807 -622 -11.25
9762.448 21.45169 1.6 7.526614 -622 -11.25
9799.215 21.42137 1.6 7.742389 -622 -11.25
9836.386 21.27693 1.6 7.95114 -622 -11
9872.877 21.02178 1.6 8.143408 -622 -10.75
9893.034 20.90488 1.6 8.231497 -622 -10.75
9929.938 20.65397 1.6 8.420569 -622 -10.75
9966.406 20.39623 1.6 8.613039 -621.75 -10.75
10002.49 20.1529 1.6 8.794741 -621.75 -10.75
10038.92 19.90947 1.6 8.97652 -621.75 -10.75
10075.03 19.66085 1.6 9.162171 -621.75 -10.75
10112.97 19.62902 1.6 9.381662 -621.75 -10.75
10148.39 19.59669 1.6 9.604642 -621.75 -10.75
10184.41 19.5674 1.6 9.806646 -621.75 -10.75
10219.24 19.53834 1.6 10.00711 -621.75 -10.5
10254.31 19.507 1.6 10.2201 -621.5 -10
10288.17 19.47494 1.6 10.43128 -621.25 -9.5
10323.74 19.44275 1.6 10.63729 -621 -9.25
10359.18 19.40964 1.6 10.8463 -621 -8.75
10398.28 19.37443 1.6 11.06862 -621 -8.75
10432.33 19.34156 1.6 11.26784 -620.5 -8.75
10466.27 19.30653 1.6 11.47446 -620.25 -8.5
10499.41 19.2713 1.6 11.6717 -619.75 -8.25
10534.04 19.25745 1.6 11.87578 -619.25 -8
10568.5 19.23572 1.6 12.08055 -618.75 -7.5
10603.13 19.19424 1.6 12.28443 -618.5 -7.5
10637.71 19.15267 1.6 12.48875 -618.5 -7.5
10673.08 19.11127 1.6 12.69227 -618.5 -7.5
10706.96 19.0702 1.6 12.89413 -618.5 -7.5
10741.65 19.02866 1.6 13.09828 -618.5 -7.5
10775.86 18.98802 1.6 13.29803 -618.5 -7.5
10809.8 18.96777 1.6 13.39756 -618.5 -7.5
10844.68 18.96777 1.6 13.39756 -618.5 -7.5
10882.78 18.96777 1.6 13.39756 -619 -7.5
10914.54 18.96777 1.6 13.39756 -619.5 -7.5
10948.07 18.96777 1.6 13.39756 -620.75 -7.5
10981.31 18.96777 1.6 13.39756 -622.5 -7.5
11014.53 18.96777 1.6 13.39756 -625.75 -7.5
11051.42 18.96777 1.6 13.39756 -630.25 -7.75
11084.98 18.96777 1.6 13.39756 -636.75 -9
11118.31 18.96777 1.6 13.39756 -648 -10
11153.11 18.96777 1.6 13.39756 -654.75 -10
11190.81 18.96777 1.6 13.39756 -663.5 -10
11226.4 18.96777 1.6 13.39756 -670 -10.5
11261.9 18.96777 1.6 13.39756 -676.25 -10.5
11299.01 18.96777 1.6 13.39756 -681.25 -10.5
11334.53 18.96777 1.6 13.39756 -686.25 -10.5
11370.56 18.96777 1.6 13.39756 -690.25 -10.5
11410.83 18.96777 1.6 13.39756 -694.25 -10.5
11449.83 18.96777 1.6 13.39756 -698.75 -10
11489.4 18.96777 1.6 13.39756 -701.5 -9.75
11531.45 18.96777 1.6 13.39756 -703.75 -9.5
11570.7 18.93258 1.6 13.52234 -704.25 -9
11592.3 18.89751 1.6 13.65099 -704.75 -9
11614.53 18.86582 1.6 13.76927 -705 -9
11634.93 18.83589 1.6 13.88498 -705.5 -8.5
11673.43 18.7817 1.6 14.11323 -707 -8.25
11693.96 18.7551 1.6 14.23834 -708 -8
11715.27 18.73171 1.6 14.36156 -709.25 -7.5
11736.18 18.71027 1.6 14.48315 -710 -7
11756.75 18.6918 1.6 14.60674 -711.5 -6.75
11777.58 18.80306 1.6 14.74787 -713.25 -6.25
11798.76 18.93022 1.6 14.76068 -714.25 -5.75
11820.06 19.05732 1.6 14.77068 -715.5 -5.25
11841.31 19.18589 1.6 14.77855 -716.5 -4.75
11862.78 19.31258 1.6 14.78574 -716.75 -4.75
11883.93 19.43955 1.6 14.79184 -717.25 -4.5
11905.11 19.57199 1.6 14.79762 -717.5 -4.25
11927.21 19.69885 1.6 14.80205 -718 -4
11948.36 19.82256 1.6 14.80475 -718.75 -3.75
11968.99 19.95314 1.6 14.80703 -719 -3.75
11990.75 20.07132 1.6 14.80909 -719 -3.75
12031.23 20.32062 1.6 14.81344 -719 -3.75
12052.01 20.44137 1.6 14.81502 -719.25 -3.75
12072.13 20.56459 1.6 14.81664 -719.25 -3.75
12092.67 20.68584 1.6 14.81822 -719.25 -3.75
12112.88 20.81176 1.6 14.81987 -719.25 -3.75
12133.87 20.93521 1.6 14.82149 -719.25 -3.75
12154.45 21.05802 1.6 14.82309 -719.25 -3.75
12174.92 21.18137 1.6 14.82471 -719.25 -3.75
12195.48 21.31214 1.6 14.82642 -719.25 -3.75
12217.27 21.4279 1.6 14.82794 -719.25 -3.75
12256.62 21.66674 1.6 14.83106 -719.25 -3.75
12295.69 21.8957 1.6 14.83406 -719.25 -3.75
12333.71 22.12355 1.6 14.83704 -719.25 -3.75
12371.85 22.35768 1.6 14.84011 -719.25 -3.75
12411.02 22.58924 1.6 14.84314 -719.25 -3.75
12450.19 22.82589 1.6 14.84623 -719.25 -3.75
12489.16 23.06185 1.6 14.84932 -719.25 -3.75
12528.52 23.30577 1.6 14.85252 -719.25 -3.75
12549.57 23.42144 1.6 14.85403 -719.25 -3.75
12590.08 23.65826 1.6 14.85713 -719.25 -3.75
12628.66 23.89981 1.6 14.85977 -719.5 -3.75
12669.44 24.15666 1.6 14.86144 -719.75 -4.25
12691.39 24.27554 1.6 14.86196 -719.75 -4.25
12731.07 24.51975 1.6 14.86302 -719.75 -4.25
12751.91 24.64041 1.6 14.86355 -719.75 -4.25
12772.02 24.76163 1.6 14.86408 -719.75 -4.25
12792.22 24.88728 1.6 14.86463 -719.75 -4.5
12813.17 25.01326 1.6 14.86518 -719.75 -4.5
12834.16 25.12953 1.6 14.86568 -719.75 -4.5
12873.62 25.37562 1.6 14.86568 -720 -4.75
12894.56 25.49244 1.6 14.86568 -720 -4.75
12936.13 25.73968 1.6 14.86568 -720 -5
12976.34 25.98774 1.6 14.86568 -720 -5.5
12996.58 26.1367 1.6 14.86568 -720 -5.5
13021.41 26.23631 1.6 14.86568 -720 -6
13057.97 26.48368 1.6 14.86568 -720 -6.75
13079.24 26.60517 1.6 14.86568 -720 -6.75
13099.49 26.72653 1.6 14.86568 -720 -7
13119.71 26.84994 1.6 14.86568 -720 -7.25
13140.28 26.97051 1.6 14.86568 -720 -7.5
13160.38 27.09988 1.6 14.86568 -720 -7.75
13181.94 27.22357 1.6 14.86568 -720 -7.75
13202.55 27.34373 1.6 14.86568 -720 -8
13222.58 27.46586 1.6 14.86568 -720 -8
13242.93 27.59289 1.6 14.86624 -719.75 -8
13264.1 27.71589 1.6 14.86677 -719.75 -8.25
13284.6 27.83536 1.6 14.8673 -719.75 -8.5
13324.24 28.07733 1.6 14.86889 -719.5 -8.5
13344.85 28.20014 1.6 14.86996 -719.5 -8.75
13365.32 28.31884 1.6 14.871 -719.5 -9
13404.67 28.56199 1.6 14.87312 -719.5 -9.25
13425.63 28.68284 1.6 14.87417 -719.5 -9.25
13445.77 28.80277 1.6 14.87522 -719.5 -9.25
13486.03 29.04332 1.6 14.87732 -719.5 -9.25
13525.63 29.28272 1.6 14.87941 -719.5 -9.75
13545.75 29.40691 1.6 14.88049 -719.5 -9.75
13566.45 29.51896 1.6 14.88147 -719.5 -10
13604.48 29.76066 1.6 14.88303 -719.75 -10.25
13625.41 29.87752 1.6 14.88354 -719.75 -10.5
13665.17 30.11957 1.6 14.8809 -720.75 -11
13685.23 30.23458 1.6 14.8784 -721.25 -11
13724.57 30.48187 1.6 14.87029 -722 -11
13745.64 30.60107 1.6 14.8656 -722.25 -11
13786.02 30.84283 1.6 14.85347 -723 -11.25
13827.05 31.09454 1.6 14.83533 -724.5 -11.5
13847.93 31.21657 1.6 14.82412 -725.25 -11.75
13868.35 31.34004 1.6 14.81168 -725.75 -11.75
13889.04 31.46692 1.6 14.79667 -726.75 -11.75
13910.33 31.59055 1.6 14.78039 -727.5 -11.75
13931.11 31.71966 1.6 14.76167 -728.25 -12
13952.86 31.83875 1.6 14.74281 -729 -12
13972.95 31.9944 1.6 14.71606 -729.75 -12.25
13999.27 32.10022 1.6 14.69645 -730.5 -12.25
14041.44 32.32542 1.6 14.54088 -732 -12.5
14080.82 32.50914 1.6 14.23063 -735 -12.5
14101.81 32.59341 1.6 14.07542 -736.5 -12.5
14122.63 32.67537 1.6 13.91629 -737.75 -12.5
14143.72 32.75563 1.6 13.75876 -738 -12.5
14164.56 32.83813 1.6 13.5933 -738.5 -12.5
14186.35 32.91953 1.6 13.43003 -738.5 -12.5
14207.85 33.00264 1.6 13.26335 -738.5 -12.5
14229.8 33.08216 1.6 13.10386 -738.5 -12.5
14250.8 33.15926 1.6 12.94922 -738.5 -12.5
14271.17 33.23488 1.6 12.79755 -738.5 -12.5
14312.23 33.47247 1.6 12.71805 -738.5 -12.5
14332.89 33.58759 1.6 12.67953 -738.5 -12.5
14353.13 33.7098 1.6 12.63982 -738 -12.5
14374.54 33.82015 1.6 12.60766 -736.25 -12
14414.64 34.06247 1.6 12.5566 -730.25 -10.75
14434.99 34.12862 1.6 12.54625 -725 -9.75
14475.81 34.12862 1.6 12.53796 -721 -9.25
14497.14 34.12862 1.6 12.53581 -721 -9.25
14517.69 34.12862 1.6 12.53359 -721 -9.25
14538.91 34.12862 1.6 12.53147 -721 -9.25
14559.11 34.12862 1.6 12.52936 -721 -9.25
14579.28 34.12862 1.6 12.52773 -720.75 -9.25
14600.05 34.12862 1.6 12.52618 -720.75 -9.25
14639.5 34.12862 1.6 12.52073 -721.5 -9.25
14677.65 34.12862 1.6 12.50891 -723.25 -9.25
14698.64 34.12862 1.6 12.49932 -724 -9.25
14721.56 34.12862 1.6 12.48974 -725 -9.25
14757.59 34.12862 1.6 12.46397 -727.25 -9.25
14797.36 34.12862 1.6 12.42462 -730.75 -9.5
14836.56 34.12862 1.6 12.37019 -734 -10
14856.76 34.12862 1.6 12.3416 -734.75 -10
14894.97 34.12862 1.6 12.28005 -735 -10
14915.11 34.12862 1.6 12.24945 -735 -10
14954.23 34.12862 1.6 12.30099 -735 -10
14992.75 34.12862 1.6 12.50145 -735 -10
15013.24 34.12898 1.6 12.61591 -735 -10
15053.03 34.18279 1.6 12.84781 -735 -10
15091.84 34.24292 1.6 13.07225 -735 -10
15130.97 34.30391 1.6 13.29794 -735.25 -10
15169.5 34.37516 1.6 13.54565 -736.5 -10.25
15192.96 34.40287 1.6 13.63353 -737.5 -10.5
15228.32 34.47941 1.6 13.85906 -739.25 -11
15267.56 34.56165 1.6 14.08195 -740.5 -11
15287.61 34.56165 1.6 14.08195 -741 -11
15325.79 34.77856 1.6 13.99259 -742.75 -11.25
15346.18 34.88235 1.6 13.94692 -743.75 -11.25
15384.05 35.09285 1.6 13.84474 -746.5 -11.75
15404.08 35.18955 1.6 13.79278 -748.25 -11.75
15440.96 35.38504 1.6 13.67988 -750.75 -12
15479.31 35.57662 1.6 13.55608 -753.25 -12.25
15517.24 35.77 1.6 13.42809 -753.5 -12.25
15554.44 35.95834 1.6 13.30342 -753.5 -12.25
15592.92 36.14531 1.6 13.17967 -753.5 -12.25
15631.2 36.34506 1.6 13.04746 -753.5 -12.25
15651.61 36.37717 1.6 12.88962 -753.5 -12.25
15687.94 36.43708 1.6 12.59521 -753.5 -12.25
15723.98 36.49994 1.6 12.28626 -753.5 -12.25
15763.31 36.56608 1.6 11.96115 -753.5 -12.25
15799.21 36.62587 1.6 11.66724 -753.5 -12.25
15835.56 36.68794 1.6 11.36217 -753.5 -12.25
15873.24 36.86678 1.6 11.2438 -753.5 -12.25
15909.27 37.05482 1.6 11.11934 -753.5 -12.25
15946.54 37.24182 1.6 10.99556 -753.5 -12.25
15986.24 37.44108 1.6 10.86426 -753.25 -12.25
16021.59 37.62082 1.6 10.74701 -753 -12.25
16059.25 37.80553 1.6 10.62988 -752.25 -12.25
16095.57 37.99829 1.6 10.5197 -748.75 -12.25
16132.54 38.21777 1.6 10.43233 -739 -12.25
16153.42 38.33222 1.6 10.39788 -736.75 -12.25
16190.34 38.53221 1.6 10.34897 -733 -12.25
16225.62 38.73997 1.6 10.31039 -729.5 -11.75
16262.15 38.97353 1.6 10.28486 -725.5 -11.75
16299.71 39.19257 1.6 10.27793 -720 -11.75
16337.36 39.42885 1.6 10.30056 -712.75 -11.75
16358.17 39.42885 1.6 10.30056 -710 -11.75
16396.12 39.42885 1.6 10.30056 -703.25 -11.5
16417.88 39.42885 1.6 10.30056 -699.75 -11.25
16452.92 39.42885 1.6 10.30056 -690.5 -10
16492.73 39.42885 1.6 10.30056 -682.75 -9.5
16513.36 39.42885 1.6 10.30056 -677.25 -9
16537.67 39.42885 1.6 10.30056 -673.25 -8.25
16573.11 39.42885 1.6 10.30056 -666.25 -7
16593.25 39.42885 1.6 10.30056 -663.25 -6.5
16614.39 39.36887 1.6 10.2017 -661.25 -5.75
16652.07 39.26242 1.6 10.00971 -658.25 -4.5
16689.84 39.16747 1.6 9.812137 -655 -3.75
16724.99 39.0803 1.6 9.615233 -653.75 -3.75
16760.99 38.99197 1.6 9.414493 -653.75 -3.75
16798.19 38.90472 1.6 9.216182 -653.75 -3.5
16833.31 38.8117 1.6 9.004798 -653.75 -3.5
16853.83 38.7712 1.6 8.912745 -653.75 -3.5
16888.31 38.68571 1.6 8.718456 -653.75 -3.5
16925.07 38.59399 1.6 8.510006 -653.75 -3.5
16962.37 38.70833 1.6 8.215989 -653.75 -3.5
17001.24 38.87169 1.6 8.012129 -653.75 -3.5
17038.74 39.07842 1.6 7.921164 -653.75 -3
17078.76 39.29914 1.6 7.824042 -653.75 -3
17120.37 39.50676 1.6 7.73269 -653.75 -3
17159.05 39.71948 1.6 7.639089 -653.75 -3
17194.44 39.83127 1.6 7.589901 -653.75 -3
17215.27 39.83127 1.6 7.589901 -653.5 -3
17252.89 39.83127 1.6 7.589901 -651.75 -3.25
17293.06 39.83127 1.6 7.589901 -647 -4.25
17329.89 39.83127 1.6 7.589901 -636.25 -5.5
17368.06 39.83127 1.6 7.589901 -624.5 -7
17404.21 39.83127 1.6 7.589901 -617.5 -7
17442.1 39.83127 1.6 7.589901 -615.5 -7.25
17478.83 39.83127 1.6 7.589901 -614.5 -7.25
17498.9 39.83127 1.6 7.589901 -614.25 -7.25
17534.14 39.83127 1.6 7.589901 -614.25 -7.25
17572.29 39.83127 1.6 7.589901 -614.25 -7.25
17610.77 39.83127 1.6 7.589901 -614.25 -7.25
17631.31 39.83127 1.6 7.589901 -614.25 -7.25
17667.38 39.83127 1.6 7.589901 -614.25 -7.25
17704.51 39.83127 1.6 7.589901 -614 -7.25
17741.84 39.83127 1.6 7.589901 -614.25 -7.25
17783.42 39.83127 1.6 7.589901 -616 -7.25
17817.57 39.83127 1.6 7.589901 -617.75 -7.5
17851.32 39.83127 1.6 7.589901 -619.75 -7.5
17889.8 39.83127 1.6 7.589901 -622.75 -7.5
17909.9 39.83127 1.6 7.589901 -624.75 -7.5
17933.19 39.83127 1.6 7.589901 -626.75 -7.5
17966.06 39.83127 1.6 7.589901 -629.75 -7.5
18006.81 39.83127 1.6 7.589901 -638 -7.75
18043.02 39.83127 1.6 7.589901 -644.5 -8
18082.89 39.83127 1.6 7.589901 -649.25 -8
18120.19 39.83127 1.6 7.589901 -654.25 -8
18158.45 39.83127 1.6 7.589901 -659.75 -8.25
18196.71 39.83127 1.6 7.589901 -664.25 -8.25
18233.35 39.83127 1.6 7.589901 -668 -8.25
18254.27 39.83127 1.6 7.589901 -668.5 -8.25
18287.34 39.83127 1.6 7.589901 -672.25 -8.25
18324.61 39.83127 1.6 7.589901 -675.5 -8.25
18368.38 39.83127 1.6 7.589901 -679 -8.25
18389.36 39.83127 1.6 7.589901 -679.75 -8.25
18417.93 39.83127 1.6 7.589901 -681.25 -8.25
18442.26 39.83127 1.6 7.589901 -682.25 -8.25
18480.06 39.83127 1.6 7.589901 -682.5 -8.25
18500.88 39.83127 1.6 7.589901 -681.75 -7.75
18540.17 39.83127 1.6 7.589901 -681.75 -7.75
18562.05 39.83127 1.6 7.589901 -681.75 -7.75
18582.26 39.83127 1.6 7.589901 -681.75 -7.75
18602.43 39.83127 1.6 7.589901 -681.75 -7.75
18623.85 39.83127 1.6 7.589901 -681.75 -7.75
18644.03 39.83127 1.6 7.589901 -681.75 -7.75
18664.3 39.83127 1.6 7.589901 -681.75 -7.75
18689.6 39.83127 1.6 7.589901 -681.75 -7.75
18725.95 39.83127 1.6 7.589901 -681.75 -7.75
18746.11 39.83127 1.6 7.589901 -681.75 -7.75
18768.34 39.83127 1.6 7.589901 -681.75 -7.75
18789.28 39.83127 1.6 7.589901 -681.75 -7.75
18809.57 39.83127 1.6 7.589901 -681.75 -7.75
18831.79 39.83127 1.6 7.589901 -681.75 -7.75
18853.61 39.83127 1.6 7.589901 -681.75 -7.75
18890.91 39.83127 1.6 7.589901 -681.75 -7.75
18935.94 39.83127 1.6 7.589901 -680.5 -7.5
18960.01 39.83127 1.6 7.589901 -680.5 -7.25
18983.2 39.83127 1.6 7.589901 -680.5 -7.25
19003.29 39.83127 1.6 7.589901 -680.5 -7.25
19028.12 39.83127 1.6 7.589901 -680.5 -7.25
19056.39 39.83127 1.6 7.589901 -680.5 -7.25
19095.83 39.83127 1.6 7.589901 -681 -7.25
19135.71 39.83127 1.6 7.589901 -682 -7.25
19155.94 39.83127 1.6 7.589901 -683.75 -7.25
19177.39 39.83127 1.6 7.589901 -686 -7.25
19198.43 39.83127 1.6 7.589901 -687.25 -7.25
19239.98 39.83127 1.6 7.589901 -688 -7.25
19275.16 39.83127 1.6 7.589901 -688 -7.25
19314.55 39.83127 1.6 7.589901 -688 -7.25
19335.52 39.83127 1.6 7.589901 -688 -7.25
19374.66 39.83127 1.6 7.589901 -688 -7.25
19398.52 39.83127 1.6 7.589901 -688 -7.25
19437.96 39.83127 1.6 7.589901 -688 -7.25
19458.53 39.7682 1.6 7.690835 -688 -7.25
19499.98 39.64196 1.6 7.892857 -688 -7.25
19543.45 39.51012 1.6 8.103847 -688 -7.25
19578.59 39.38104 1.6 8.312565 -688.5 -7.25
19600.43 39.31688 1.6 8.418307 -688.75 -7.25
19621.05 39.25731 1.6 8.518429 -689.25 -7.25
19662.57 39.13571 1.6 8.734217 -691 -7.25
19704.63 39.23623 1.6 9.056572 -692.75 -7.5
19741.9 39.35009 1.6 9.38948 -694.25 -7.75
19763.01 39.41068 1.6 9.553711 -695.25 -8
19783.64 39.46566 1.6 9.700757 -695.5 -8
19822.81 39.58848 1.6 10.02071 -696 -8
19863.63 39.71594 1.6 10.35276 -696 -8
19884.45 39.82939 1.6 10.40327 -696 -8
19905.14 39.93331 1.6 10.44954 -696 -8
19945.28 40.16089 1.6 10.55087 -696 -8
19965.62 40.26686 1.6 10.59805 -696 -8
20004.78 40.48352 1.6 10.69451 -696 -8
20044.97 40.72962 1.6 10.80408 -696 -8
20069.38 40.82618 1.6 10.84707 -696 -8
20106.8 41.04707 1.6 10.94542 -696 -8
20127.3 41.16642 1.6 10.99856 -696 -8
20149.07 41.27703 1.6 11.04781 -696 -8
20169.25 41.38622 1.6 11.09642 -696 -8
20207.84 41.60551 1.6 11.19406 -696 -8
20229.18 41.72081 1.6 11.24539 -696 -8
20250.21 41.82803 1.6 11.29313 -696 -8
20290.16 42.04612 1.6 11.39023 -696 -8
20330.24 42.28787 1.6 11.49786 -696 -8
20353.67 42.37017 1.6 11.5345 -696 -8
20389.3 42.58851 1.6 11.63171 -696 -8
20429.21 42.81253 1.6 11.73145 -696 -8
20449.39 42.91892 1.6 11.77882 -696 -8
20488.29 43.14114 1.6 11.87776 -696 -8
20509.34 43.25058 1.6 11.92649 -696 -8
20550.16 43.47436 1.6 12.02612 -696 -8
20589.26 43.69474 1.6 12.12424 -696 -8
20610.34 43.79913 1.6 12.17071 -696 -8
20650.69 44.02503 1.6 12.27129 -696 -8
20690.24 44.24654 1.6 12.36992 -696 -8
20711.01 44.37463 1.6 12.42695 -696 -8
20734.38 44.47044 1.6 12.4696 -696 -8
20773.11 44.68576 1.6 12.56547 -696 -8
20815.76 44.91141 1.6 12.66807 -695.25 -8
20852.66 45.12587 1.6 12.77319 -693 -8.5
20893.3 45.34663 1.6 12.89747 -689.75 -9.5
20914.5 45.44503 1.6 12.95837 -688.25 -10
20955.81 45.51484 1.6 13.29613 -686 -10.25
20997.23 45.57176 1.6 13.65341 -683.25 -10.5
21039.88 45.61046 1.6 14.02837 -680.25 -10.5
21061.5 45.62043 1.6 14.20404 -678.25 -10.5
21082.23 45.72313 1.6 14.30065 -676.75 -10.75
21105.73 45.81126 1.6 14.38801 -675.25 -10.75
21126.42 45.89422 1.6 14.47317 -674.25 -11
21164.35 46.04011 1.6 14.62823 -673 -11.25
21202.76 46.18454 1.6 14.78366 -672.75 -11.25
21238.55 46.33092 1.6 14.94202 -672.75 -11.25
21270.14 46.47206 1.6 15.09469 -672.75 -11.25
21304.91 46.61422 1.6 15.24848 -672.75 -11.25
21341.76 46.76393 1.6 15.41043 -672.75 -11.25
21379.98 46.91162 1.6 15.57021 -672.75 -11.25
21418.35 47.06627 1.6 15.73751 -672.75 -11.5
21452.64 47.21228 1.6 15.89546 -672.75 -11.5
21485.87 47.3395 1.6 16.02961 -673.75 -11.5
21517.13 47.50131 1.6 16.18879 -676.25 -11.5
21538.07 47.55681 1.6 16.23921 -677.75 -11.5
21568.36 47.72821 1.6 16.38479 -680.25 -11.5
21602.53 47.88154 1.6 16.50212 -683.25 -11.5
21641.89 48.06307 1.6 16.62615 -686.25 -11.25
21676.05 48.26423 1.6 16.7475 -690 -11
21715.23 48.46606 1.6 16.85152 -693.75 -11
21751.41 48.67817 1.6 16.9396 -698.25 -10.75
21772.17 48.78313 1.6 16.9778 -700 -10.75
21812.02 49.01898 1.6 17.05398 -703 -10.25
21832.09 49.12965 1.6 17.08571 -704 -10.25
21870.36 49.38595 1.6 17.14729 -707.25 -10
21895.22 49.48832 1.6 17.16858 -708.25 -10
21934.94 49.73203 1.6 17.20955 -711 -10
21974.02 49.97504 1.6 17.2388 -714.25 -10
21994.64 50.0953 1.6 17.24932 -715 -10
22014.76 50.22622 1.6 17.25905 -715.75 -10
22036.64 50.32965 1.6 17.26492 -716.75 -10
22075.36 50.58787 1.6 17.27111 -719.25 -10
22096.96 50.70767 1.6 17.27111 -720 -10
22136.77 50.9266 1.6 17.2659 -721.5 -10
22171.95 51.15757 1.6 17.25626 -722.75 -10
22191.95 51.29666 1.6 17.24714 -723.75 -10
22215.18 51.39888 1.6 17.2391 -724.5 -10
22252.36 51.64229 1.6 17.21619 -725.5 -10
22273.02 51.79116 1.6 17.20185 -725.5 -10
22297.95 51.90812 1.6 17.19059 -725.5 -10
22336.83 52.13103 1.6 17.16913 -725.5 -10
22375.05 52.39044 1.6 17.14415 -725.5 -10
22398.29 52.50777 1.6 17.13285 -725.5 -10
22438.37 52.76904 1.6 17.10769 -725.5 -10
22461.68 52.87567 1.6 17.09743 -725.5 -10
22500.23 53.12591 1.6 17.07333 -725.5 -10
22521.44 53.2432 1.6 17.06204 -725.5 -10
22563.74 53.49919 1.6 17.03739 -725.5 -10
22583.94 53.61606 1.6 17.02613 -725.5 -10
22621.35 53.84826 1.6 17.00322 -725.75 -10
22642.39 53.97025 1.6 16.98986 -726.25 -10
22662.85 54.09622 1.6 16.97495 -726.75 -10
22683.99 54.21378 1.6 16.95791 -728.25 -10.25
22725.1 54.47377 1.6 16.91139 -730.75 -10.25
22747.81 54.59357 1.6 16.88373 -733 -10.5
22768.3 54.69361 1.6 16.85925 -733.75 -10.5
22807.55 54.94037 1.6 16.79202 -735.5 -10.5
22828.09 55.05061 1.6 16.75884 -736.75 -10.5
22867.12 55.28919 1.6 16.6812 -738.5 -10.75
22889.1 55.38653 1.6 16.64768 -739 -10.75
22927.28 55.62344 1.6 16.55969 -740.75 -10.75
22948.38 55.72497 1.6 16.51867 -742 -11
22988.23 55.95214 1.6 16.42347 -743 -11
23029.39 56.18013 1.6 16.32434 -743.5 -11
23068.84 56.41471 1.6 16.22234 -743.5 -11
23091.75 56.52344 1.6 16.17506 -743.5 -11
23129.98 56.74106 1.6 16.08043 -743.5 -11
23151.06 56.84391 1.6 16.03572 -743.5 -11
23188.42 57.06197 1.6 15.9415 -743.25 -11
23209.34 57.1835 1.6 15.89054 -742.75 -11
23231.31 57.29824 1.6 15.84301 -742.5 -11
23252.01 57.39378 1.6 15.80441 -742 -11
23288.51 57.61707 1.6 15.71819 -740.75 -11
23309.07 57.73664 1.6 15.67585 -739.5 -11
23330.21 57.84877 1.6 15.62969 -737.75 -11
23350.49 57.95959 1.6 15.59686 -736.5 -11
23386.04 58.15419 1.6 15.54751 -733.5 -11
23424.6 58.38917 1.6 15.50218 -730.25 -11
23461.62 58.5992 1.6 15.46972 -728 -10.75
23496.17 58.81338 1.6 15.44582 -726 -10.75
23530.54 59.02037 1.6 15.42826 -724.5 -10.25
23566.05 59.21653 1.6 15.41496 -723.75 -10
23599.35 59.42266 1.6 15.40279 -723.25 -10
23634.49 59.62444 1.6 15.39214 -722.75 -9.75
23665.22 59.82238 1.6 15.38264 -722.75 -9.5
23699.32 60.02639 1.6 15.37284 -722.75 -9.5
23731.77 60.24079 1.6 15.36254 -722.75 -9.5
23752.76 60.32017 1.6 15.35872 -722.75 -9.5
23783.19 60.54133 1.6 15.3481 -722.75 -9.5
23815.71 60.72596 1.6 15.33923 -722.75 -9.5
23850.48 60.92354 1.6 15.32974 -722.75 -9.5
23889.48 61.13931 1.6 15.31938 -722.75 -9.5
23918.29 61.33574 1.6 15.30994 -722.75 -9.5
23952.17 61.53949 1.6 15.30016 -722.75 -9.5
23986.33 61.73939 1.6 15.29055 -722.75 -9.5
24020.92 61.96636 1.6 15.27965 -722.75 -9.5
24056.95 62.16759 1.6 15.26999 -722.75 -9.5
24091.29 62.369 1.6 15.26031 -722.75 -9.5
24124.92 62.5689 1.6 15.25071 -722.75 -9.5
24158.11 62.77098 1.6 15.24144 -722.5 -9.25
24192.24 62.97796 1.6 15.23241 -722.5 -9.25
24226.43 63.18283 1.6 15.22436 -722.25 -9.25
24260.73 63.39018 1.6 15.21757 -721.75 -9.25
24294.4 63.61406 1.6 15.21227 -721.25 -9.25
24315.55 63.70989 1.6 15.21017 -721.25 -9.25
24349.97 63.91741 1.6 15.20655 -721 -9.25
24383.67 64.11769 1.6 15.20305 -721 -9.25
24417.67 64.31075 1.6 15.19968 -721 -9.25
24448.35 64.51419 1.6 15.19613 -721 -9.25
24481.62 64.71086 1.6 15.1927 -721 -9.25
24515.18 64.91133 1.6 15.1892 -721 -9.25
24548.27 65.11048 1.6 15.18616 -720.75 -9
24583.75 65.31184 1.6 15.18353 -720.75 -9
24615.24 65.51118 1.6 15.18092 -720.75 -9
24648.14 65.71111 1.6 15.1783 -720.75 -9
24681.78 65.91357 1.6 15.17653 -720.5 -9
24714.92 66.10931 1.6 15.17482 -720.5 -9
24748.33 66.31424 1.6 15.17303 -720.5 -8.75
24781.86 66.50865 1.6 15.17219 -720.25 -8.75
24814.83 66.71016 1.6 15.17131 -720.25 -8.75
24848.09 66.90929 1.6 15.17044 -720.25 -8.75
24881.66 67.1237 1.6 15.1695 -720.25 -8.75
24915.1 67.3096 1.6 15.16869 -720.25 -8.75
24948.16 67.5117 1.6 15.16781 -720.25 -8.75
24981.44 67.70712 1.6 15.16696 -720.25 -8.75
25014.24 67.90689 1.6 15.16608 -720.25 -8.75
25047.38 68.10689 1.6 15.16521 -720.25 -8.75
25080.81 68.30936 1.6 15.16567 -719.75 -8.5
25114.66 68.5197 1.6 15.16658 -719.75 -8.5
25147.31 68.71388 1.6 15.16743 -719.75 -8.5
25180.51 68.90271 1.6 15.16825 -719.75 -8.5
25213.89 69.11552 1.6 15.16918 -719.75 -8.5
25249.07 69.30302 1.6 15.17 -719.75 -8.5
25282.35 69.50197 1.6 15.17087 -719.75 -8.5
25313.96 69.70618 1.6 15.17176 -719.75 -8.5
25347.65 69.91624 1.6 15.17268 -719.75 -8.5
25380.34 70.10484 1.6 15.1735 -719.75 -8.5
25414.88 70.31166 1.6 15.1744 -719.75 -8.5
25448.68 70.51729 1.6 15.1753 -719.75 -8.5
25480.92 70.71729 1.6 15.17617 -719.75 -8.5
25516.32 70.91756 1.6 15.17705 -719.75 -8.5
25547.3 71.10428 1.6 15.17786 -719.75 -8.5
25580.92 71.30679 1.6 15.17874 -719.75 -8.5
25614.46 71.50729 1.6 15.17962 -719.75 -8.5
25647.8 71.71004 1.6 15.1805 -719.75 -8.5
25680.77 71.91086 1.6 15.18138 -719.75 -8.5
25714.6 72.10852 1.6 15.18224 -719.75 -8.5
25748.71 72.31987 1.6 15.18317 -719.75 -8.5
25785.86 72.53296 1.6 15.1841 -719.75 -8.5
25818.52 72.73254 1.6 15.18497 -719.75 -8.5
25852.88 72.92741 1.6 15.18582 -719.75 -8.5
25884.68 73.13551 1.6 15.18672 -719.75 -8.5
25921.1 73.33981 1.6 15.18762 -719.75 -8.5
25955.55 73.54681 1.6 15.18852 -719.75 -8.5
25990.69 73.76059 1.6 15.18903 -720 -8.5
26025.05 73.97935 1.6 15.18856 -720.25 -8.5
26061.73 74.20717 1.6 15.18657 -720.5 -8.5
26098.81 74.41841 1.6 15.18473 -720.5 -8.5
26134.45 74.63158 1.6 15.18287 -720.5 -8.5
26169.66 74.83925 1.6 15.18106 -720.5 -8.5
26205.22 75.05988 1.6 15.17913 -720.5 -8.5
26241.48 75.28366 1.6 15.17718 -720.5 -8.5
26279.17 75.50273 1.6 15.17527 -720.5 -8.5
26313.46 75.70794 1.6 15.17347 -720.5 -8.5
26348.64 75.9304 1.6 15.17153 -720.5 -8.5
26388.47 76.17634 1.6 15.16939 -720.5 -8.5
26409.34 76.30354 1.6 15.16828 -720.5 -8.5
26430.54 76.42008 1.6 15.16726 -720.5 -8.5
26469.28 76.66337 1.6 15.16514 -720.5 -8.5
26490.51 76.78517 1.6 15.16407 -720.5 -8.5
26510.81 76.90739 1.6 15.16301 -720.5 -8.5
26531.19 77.03171 1.6 15.16192 -720.5 -8.5
26551.91 77.15612 1.6 15.16084 -720.5 -8.5
26572.64 77.29353 1.6 15.15964 -720.5 -8.5
26595.55 77.40829 1.6 15.15864 -720.5 -8.5
26635.55 77.65784 1.6 15.15646 -720.5 -8.5
26656.27 77.78802 1.6 15.15532 -720.5 -8.5
26677.96 77.91596 1.6 15.15421 -720.5 -8.5
26699.29 78.05516 1.6 15.15299 -720.5 -8.5
26722.49 78.19079 1.6 15.15181 -720.5 -8.5
26745.1 78.31538 1.6 15.15072 -720.5 -8.5
26765.86 78.4506 1.6 15.14954 -720.5 -8.5
26788.4 78.58 1.6 15.14841 -720.5 -8.5
26809.97 78.70831 1.6 15.14729 -720.5 -8.5
26831.35 78.84224 1.6 15.14612 -720.5 -8.5
26853.68 78.97402 1.6 15.14497 -720.5 -8.5
26875.64 79.1031 1.6 15.14385 -720.5 -8.5
26897.16 79.22189 1.6 15.14281 -720.5 -8.5
26939.07 79.49068 1.6 15.14106 -720.25 -8.25
26961.76 79.62846 1.6 15.14046 -720.25 -8
26984.72 79.74931 1.6 15.14046 -720 -8
27004.86 79.87836 1.6 15.14046 -720 -8
27026.37 80.00882 1.6 15.14103 -719.75 -7.75
27048.12 80.14052 1.6 15.1416 -719.75 -7.75
27070.06 80.27071 1.6 15.14217 -719.75 -7.75
27091.76 80.4008 1.6 15.14274 -719.75 -7.75
27113.45 80.52641 1.6 15.14328 -719.75 -7.75
27134.38 80.66136 1.6 15.14387 -719.75 -7.75
27156.87 80.79035 1.6 15.145 -719.5 -7.75
27178.37 80.91669 1.6 15.1461 -719.5 -7.75
27199.43 81.04939 1.6 15.14726 -719.5 -7.75
27221.55 81.19064 1.6 15.14849 -719.5 -7.75
27245.09 81.31844 1.6 15.14961 -719.5 -7.75
27266.39 81.45334 1.6 15.15078 -719.5 -7.75
27288.88 81.58906 1.6 15.15197 -719.5 -7.75
27311.5 81.71658 1.6 15.15308 -719.5 -7.5
27332.75 81.84141 1.6 15.15417 -719.5 -7.5
27353.56 81.97127 1.6 15.1553 -719.5 -7.5
27375.2 82.10478 1.6 15.15705 -719.25 -7.5
27397.46 82.23629 1.6 15.15877 -719.25 -7.5
27419.38 82.36999 1.6 15.16052 -719.25 -7.5
27441.66 82.49577 1.6 15.16217 -719.25 -7.5
27462.63 82.63185 1.6 15.16395 -719.25 -7.5
27485.31 82.75082 1.6 15.16551 -719.25 -7.5
27527.25 83.01066 1.6 15.16947 -719 -7.25
27548.45 83.15213 1.6 15.17194 -719 -7.25
27572.03 83.26775 1.6 15.17395 -719 -7.25
27613.96 83.53242 1.6 15.17857 -719 -7.25
27635.42 83.64996 1.6 15.18062 -719 -7.25
27676.52 83.91469 1.6 15.18525 -719 -7.25
27699.14 84.04028 1.6 15.18744 -719 -7.25
27720.08 84.17209 1.6 15.18974 -719 -7.25
27742.05 84.30299 1.6 15.19203 -719 -7.25
27763.87 84.4353 1.6 15.19433 -719 -7.25
27785.93 84.55595 1.6 15.19644 -719 -7.25
27806.04 84.68429 1.6 15.19868 -719 -7.25
27827.43 84.80851 1.6 15.20085 -719 -7.25
27848.14 84.93739 1.6 15.2031 -719 -7.25
27869.62 85.06852 1.6 15.20539 -719 -7.25
27891.48 85.19933 1.6 15.20767 -719 -7.25
27913.29 85.33379 1.6 15.21002 -719 -7.25
27935.7 85.45394 1.6 15.21212 -719 -7.25
27955.73 85.58058 1.6 15.21433 -719 -7.25
27976.84 85.70979 1.6 15.21658 -719 -7.25
27998.38 85.84824 1.6 15.219 -719 -7.25
28021.46 85.96202 1.6 15.22098 -719 -7.25
28063.62 86.22905 1.6 15.22509 -719.25 -7.25
28084.93 86.35759 1.6 15.22509 -720 -7.25
28106.36 86.48206 1.6 15.22455 -720.25 -7.25
28127.1 86.60894 1.6 15.22344 -720.5 -7.25
28148.25 86.73784 1.6 15.22231 -720.5 -7.25
28169.73 86.87553 1.6 15.22111 -720.5 -7.25
28192.68 87.0177 1.6 15.21987 -720.5 -7.25
28216.38 87.17054 1.6 15.21854 -720.5 -7.25
28241.86 87.32242 1.6 15.21721 -720.5 -7.25
28267.17 87.47507 1.6 15.21588 -720.5 -7.25
28292.61 87.62273 1.6 15.2133 -721 -7.25
28317.23 87.77543 1.6 15.2093 -721.5 -7.25
28342.69 87.92825 1.6 15.20463 -721.75 -7.25
28368.17 88.08257 1.6 15.19924 -722 -7.25
28393.9 88.24184 1.6 15.19299 -722.25 -7.25
28420.47 88.40289 1.6 15.18666 -722.25 -7.25
28447.33 88.55604 1.6 15.18064 -722.25 -7.25
28472.88 88.70428 1.6 15.17482 -722.25 -7.25
28497.6 88.8625 1.6 15.1686 -722.25 -7.25
28523.99 89.01354 1.6 15.16267 -722.25 -7.25
28549.18 89.17144 1.6 15.15646 -722.25 -7.25
28575.52 89.32879 1.6 15.15028 -722.25 -7.25
28601.77 89.48284 1.6 15.14423 -722.25 -7.25
28627.46 89.63868 1.6 15.1381 -722.25 -7.25
28653.46 89.79105 1.6 15.13212 -722.25 -7.25
28678.87 89.96207 1.6 15.1254 -722.25 -7.25
28707.39 90.11883 1.6 15.11924 -722.25 -7.25
28733.54 90.28441 1.6 15.11273 -722.25 -7.25
28761.16 90.4424 1.6 15.10653 -722.25 -7.25
28787.51 90.59915 1.6 15.10037 -722.25 -7.25
28813.66 90.76108 1.6 15.09401 -722.25 -7.25
28840.67 90.76108 1.6 15.09401 -722.25 -7.25
28867.08 90.76108 1.6 15.09401 -722.25 -7.25
28893.44 90.76108 1.6 15.09401 -722.25 -7.25
28921.17 90.76108 1.6 15.09401 -722.25 -7.25
28946.79 90.76108 1.6 15.09401 -722.25 -7.25
28974.28 90.76108 1.6 15.09401 -722.25 -7.25
28999.64 90.76108 1.6 15.09401 -722.25 -7.25
29028.09 90.76108 1.6 15.09401 -722.25 -7.25
29055.07 90.76108 1.6 15.09401 -722.25 -7.25
29081.38 90.76108 1.6 15.09401 -722.25 -7.25
29108.24 90.76108 1.6 15.09401 -722.25 -7.25
29134.19 90.76108 1.6 15.09401 -722.25 -7.25
29161.96 90.76108 1.6 15.09401 -722.25 -7.25
29188.7 90.76108 1.6 15.09401 -722.25 -7.25
29215.17 90.76108 1.6 15.09401 -722.25 -7.25
29242.36 90.76108 1.6 15.09401 -722.25 -7.25
29267.82 90.76108 1.6 15.09401 -722.25 -7.25
29295.76 90.76108 1.6 15.09401 -722.25 -7.25
29323.01 90.76108 1.6 15.09401 -722.25 -7.25
29349.66 90.76108 1.6 15.09401 -722.25 -7.25
29376.11 90.76108 1.6 15.09401 -722.5 -7.25
29402.87 90.76108 1.6 15.09401 -723 -7.25
29429.76 90.76108 1.6 15.09401 -723.75 -7.25
29454.64 90.76108 1.6 15.09401 -725 -7.25
29481.48 90.76108 1.6 15.09401 -726.25 -7.25
29509.13 90.76108 1.6 15.09401 -727.25 -7.5
29534.62 90.76108 1.6 15.09401 -729 -7.5
29562.26 90.76108 1.6 15.09401 -730.5 -7.5
29589.39 90.76108 1.6 15.09401 -732 -7.5
29615.81 90.76108 1.6 15.09401 -733.5 -7.5
29640.38 90.76108 1.6 15.09401 -735.25 -7.5
29666.93 90.76108 1.6 15.09401 -736.75 -7.5
29693.84 90.76108 1.6 15.09401 -739 -7.5
29720.73 90.76108 1.6 15.09401 -740.25 -7.5
29747.73 90.76108 1.6 15.09401 -741.25 -7.5
29773.96 90.76108 1.6 15.09401 -743.25 -7.5
29802.07 90.76108 1.6 15.09401 -744.75 -7.5
29829.12 90.76108 1.6 15.09401 -746.5 -7.75
29856.42 90.76108 1.6 15.09401 -748 -7.75
29883.61 90.76108 1.6 15.09401 -749.5 -7.75
29911.59 90.76108 1.6 15.09401 -750.5 -7.75
29938.64 90.76108 1.6 15.09401 -751.5 -8
29965 90.76108 1.6 15.09401 -753.25 -8
29993.4 90.76108 1.6 15.09401 -754.5 -8
30020.41 90.76108 1.6 15.09401 -756 -8
30047.18 90.76108 1.6 15.09401 -757 -8
30074.8 90.76108 1.6 15.09401 -757.75 -8
30101.59 90.76108 1.6 15.09401 -759.5 -8
30128.36 90.76108 1.6 15.09401 -761.25 -8
30155.55 90.76108 1.6 15.09401 -763.5 -8
30182.95 90.76108 1.6 15.09401 -764.25 -7.75
30207.99 90.76108 1.6 15.09401 -765.75 -7.5
30235.61 90.76108 1.6 15.09401 -768 -7.25
30263.3 90.76108 1.6 15.09401 -769.5 -7
30290.06 90.76108 1.6 15.09401 -771 -7
30316.9 90.76108 1.6 15.09401 -774.5 -6.75
30345.13 90.76108 1.6 15.09401 -776.5 -6.75
30372.21 90.76108 1.6 15.09401 -778.75 -6.25
30398.26 90.76108 1.6 15.09401 -780.25 -5.75
30424.78 90.76108 1.6 15.09401 -782 -5
30452.52 90.76108 1.6 15.09401 -784.75 -4.5
30481 90.76108 1.6 15.09401 -786 -4.5
30507.42 90.76108 1.6 15.09401 -787 -4.25
30536.75 90.76108 1.6 15.09401 -788.75 -3.75
30564.81 90.76108 1.6 15.09401 -791.25 -3.75
30593.3 90.76108 1.6 15.09401 -793.5 -3.5
30620.77 90.76108 1.6 15.09401 -795.25 -3.25
30647.83 90.76108 1.6 15.09401 -796.25 -3.25
30679.05 90.76108 1.6 15.09401 -797 -3.25
30707.05 90.76108 1.6 15.09401 -798.25 -3.25
30733.1 90.76108 1.6 15.09401 -799 -3
30760.96 90.76108 1.6 15.09401 -799 -3
30789.63 90.76108 1.6 15.09401 -799 -3
30817.22 90.76108 1.6 15.09401 -799 -3
30845.64 90.76108 1.6 15.09401 -799 -3
30873.45 90.76108 1.6 15.09401 -799 -3
30899.64 90.76108 1.6 15.09401 -799 -3
30927.61 90.76108 1.6 15.09401 -799 -3
30955.06 90.76108 1.6 15.09401 -799 -3
30982.94 90.76108 1.6 15.09401 -799 -3
31010.19 90.76108 1.6 15.09401 -799 -3
31039.26 90.76108 1.6 15.09401 -798.75 -3
31065.65 90.76108 1.6 15.09401 -798 -3
31093.84 90.76108 1.6 15.09401 -797 -3.25
31121.48 90.76108 1.6 15.09401 -795.5 -3.75
31148.87 90.76108 1.6 15.09401 -793 -4.25
31177.22 90.76108 1.6 15.09401 -790.75 -4.5
31204.44 90.76108 1.6 15.09401 -788.25 -4.5
31231.99 90.76108 1.6 15.09401 -786.25 -4.5
31260.07 90.76108 1.6 15.09401 -784 -4.5
31287.63 90.76108 1.6 15.09401 -782.75 -4.5
31314.63 90.76108 1.6 15.09401 -780.5 -4.5
31342.62 90.76108 1.6 15.09401 -778.75 -4.5
31370.75 90.76108 1.6 15.09401 -776.25 -4.5
31398.66 90.76108 1.6 15.09401 -774.25 -4.5
31426.21 90.76108 1.6 15.09401 -771.75 -4.5
31455.97 90.76108 1.6 15.09401 -769.75 -4.5
31483.88 90.76108 1.6 15.09401 -766 -4.5
31512.29 90.76108 1.6 15.09401 -763.5 -4.5
31539.94 90.76108 1.6 15.09401 -761 -4.25
31567.88 90.76108 1.6 15.09401 -758.25 -4
31595.94 90.76108 1.6 15.09401 -755.5 -3.75
31622.68 90.76108 1.6 15.09401 -753 -3.5
31649.27 90.76108 1.6 15.09401 -752 -3.25
31677.62 90.76108 1.6 15.09401 -750.5 -3.25
31705.07 90.76108 1.6 15.09401 -749.5 -3.25
31731.59 90.76108 1.6 15.09401 -748 -2.75
31758.62 90.76108 1.6 15.09401 -746.75 -2.5
31784.45 90.76108 1.6 15.09401 -745.5 -2.5
31812.14 90.76108 1.6 15.09401 -743 -2.25
31838.76 90.76108 1.6 15.09401 -741 -2.25
31867.93 90.76108 1.6 15.09401 -739 -2.25
31893.31 90.76108 1.6 15.09401 -736.5 -2.25
31920.8 90.76108 1.6 15.09401 -733.5 -2.25
31948.6 90.76108 1.6 15.09401 -729.75 -2.25
31976.37 90.76108 1.6 15.09401 -727.5 -2.25
32002.12 90.76108 1.6 15.09401 -725.25 -2.25
32028.61 90.76108 1.6 15.09401 -722.25 -2.25
32056.47 90.76108 1.6 15.09401 -720 -2.5
32083.02 90.76108 1.6 15.09401 -717.25 -3
32111.46 90.76108 1.6 15.09401 -715.75 -3.25
32139.85 90.76108 1.6 15.09401 -713.75 -3.5
32164.75 90.76108 1.6 15.09401 -711.5 -3.75
32191.7 90.76108 1.6 15.09401 -709.75 -3.75
32219.28 90.76108 1.6 15.09401 -708 -4
32245.51 90.76108 1.6 15.09401 -705.25 -4.25
32272.4 90.76108 1.6 15.09401 -702.5 -4.25
32298.77 90.76108 1.6 15.09401 -700.75 -4.5
32325.07 90.76108 1.6 15.09401 -698.25 -4.75
32351.76 90.76108 1.6 15.09401 -696 -5
32379.09 90.76108 1.6 15.09401 -693 -5.5
32405.19 90.76108 1.6 15.09401 -690.5 -6
32429.52 90.76108 1.6 15.09401 -686.75 -6.75
32457.45 90.76108 1.6 15.09401 -683.75 -6.75
32484.15 90.76108 1.6 15.09401 -680 -7
32510.73 90.76108 1.6 15.09401 -677 -7
32536.56 90.76108 1.6 15.09401 -673.75 -7.25
32562.73 90.76108 1.6 15.09401 -671 -7.25
32589.17 90.76108 1.6 15.09401 -668.25 -7.5
32613.33 90.76108 1.6 15.09401 -666 -7.5
32636.89 90.76108 1.6 15.09401 -662.75 -7.75
32662.45 90.76108 1.6 15.09401 -661 -7.75
32685.82 90.76108 1.6 15.09401 -659 -7.75
32709.63 90.76108 1.6 15.09401 -656.75 -8
32732.66 90.76108 1.6 15.09401 -654.75 -8
32755.98 90.76108 1.6 15.09401 -652.75 -8
32778.53 90.76108 1.6 15.09401 -650 -8
32802.89 90.76108 1.6 15.09401 -647 -8.25
32828.09 90.76108 1.6 15.09401 -644.75 -8.25
32852.74 90.76108 1.6 15.09401 -643 -8.5
32878.78 90.76108 1.6 15.09401 -642.25 -8.75
32903.52 90.76108 1.6 15.09401 -642 -8.75
32928.38 90.76108 1.6 15.09401 -641.75 -8.75
32953.63 90.76108 1.6 15.09401 -641.75 -8.75
32976.54 90.76108 1.6 15.09401 -641.75 -8.75
33001.96 90.76108 1.6 15.09401 -641.75 -8.75
33026.7 90.76108 1.6 15.09401 -641.75 -9
33048.25 90.76108 1.6 15.09401 -642.25 -9
33072.95 90.76108 1.6 15.09401 -644 -9
33098.23 90.76108 1.6 15.09401 -646 -9
33123.02 90.76108 1.6 15.09401 -648.25 -9
33146.12 90.76108 1.6 15.09401 -651.25 -9
33171.03 90.76108 1.6 15.09401 -654.25 -9
33194.11 90.76108 1.6 15.09401 -657.75 -9
33218.76 90.76108 1.6 15.09401 -661.5 -9
33242.68 90.76108 1.6 15.09401 -665.5 -9
33266.74 90.76108 1.6 15.09401 -669.25 -9
33290.8 90.76108 1.6 15.09401 -673.5 -9
33315.13 90.76108 1.6 15.09401 -676.5 -9
33337.29 90.76108 1.6 15.09401 -679.5 -9
33362.7 90.76108 1.6 15.09401 -682.25 -9
33387.41 90.76108 1.6 15.09401 -685 -9
33414.05 90.76108 1.6 15.09401 -687.25 -8.75
33436.56 90.76108 1.6 15.09401 -690 -8.5
33461.28 90.76108 1.6 15.09401 -692.75 -8.25
33483.32 90.76108 1.6 15.09401 -696 -8.25
33508.67 90.76108 1.6 15.09401 -698.75 -8
33533.81 90.76108 1.6 15.09401 -703 -8
33560.91 90.76108 1.6 15.09401 -706.25 -8
33586.71 90.76108 1.6 15.09401 -710.25 -8
33612.91 90.76108 1.6 15.09401 -713.25 -8
33638.15 90.76108 1.6 15.09401 -716.5 -8
33662.5 90.76108 1.6 15.09401 -718.5 -7.75
33688.99 90.76108 1.6 15.09401 -720.25 -7.5
33715.92 90.76108 1.6 15.09401 -722.75 -7.5
33740.36 90.76108 1.6 15.09401 -727 -7.5
33766.09 90.76108 1.6 15.09401 -730 -7.5
33792.92 90.76108 1.6 15.09401 -734.25 -7.5
33819.96 90.76108 1.6 15.09401 -740.25 -7.5
33846.86 90.76108 1.6 15.09401 -743 -7.5
33871.52 90.76108 1.6 15.09401 -746.5 -7.5
33897.87 90.76108 1.6 15.09401 -748.75 -7.5
33924.93 90.76108 1.6 15.09401 -749.5 -7.25
33951.15 90.76108 1.6 15.09401 -750 -7.25
33978.72 90.76108 1.6 15.09401 -750.5 -7.25
34006.04 90.76108 1.6 15.09401 -751.5 -7.25
34033.42 90.76108 1.6 15.09401 -752.25 -7.25
34059.66 90.76108 1.6 15.09401 -754 -7
34087.31 90.76108 1.6 15.09401 -755.5 -7
34115.3 90.89313 1.6 14.99359 -757.25 -7
34142.95 91.01923 1.6 14.89328 -758.5 -7
34169.8 91.14291 1.6 14.7895 -760 -7
34196.71 91.26218 1.6 14.68211 -762 -7
34223.46 91.38165 1.6 14.56973 -763.25 -7
34250.8 91.50166 1.6 14.45585 -763.5 -7
34278.37 91.61881 1.6 14.34271 -764 -7
34305.52 91.73419 1.6 14.22834 -764.75 -7
34332.59 91.84686 1.6 14.11469 -765.25 -7
34359.27 91.96513 1.6 13.99537 -765.25 -7
34387.27 92.07686 1.6 13.88266 -765.25 -7
34413.71 92.18727 1.6 13.77129 -765.25 -7
34439.85 92.30619 1.6 13.65133 -765.25 -7
34468 92.4225 1.6 13.534 -765.25 -7
34495.54 92.53616 1.6 13.41934 -765.25 -7
34522.45 92.65076 1.6 13.30373 -765.25 -7
34549.58 92.76649 1.6 13.18699 -765.25 -7
34576.98 92.884 1.6 13.06846 -765.25 -7
34604.79 93.00031 1.6 12.95113 -765.25 -7
34632.33 93.12003 1.6 12.83036 -765.25 -7
34660.67 93.23666 1.6 12.71271 -765.25 -7
34688.28 93.35132 1.6 12.59704 -765.25 -7
34715.43 93.46985 1.6 12.47747 -765.25 -7
34743.49 93.58642 1.6 12.35988 -765.25 -7
34771.08 93.69867 1.6 12.24665 -765.25 -7
34797.66 93.81095 1.6 12.13338 -765.25 -7
34824.24 93.92168 1.6 12.02168 -765.25 -7
34850.45 94.03741 1.6 11.90494 -765.25 -7
34877.85 94.14734 1.6 11.79501 -765 -7.25
34903.76 94.2573 1.6 11.68695 -764.5 -7.25
34929.46 94.3689 1.6 11.57918 -764 -7.25
34955.31 94.48116 1.6 11.47172 -763.75 -7.25
34981.21 94.59872 1.6 11.35918 -763.75 -7.25
35008.34 94.71465 1.6 11.25013 -763.25 -7.25
35034.86 94.82937 1.6 11.14407 -762.75 -7.25
35060.9 94.94901 1.6 11.03635 -762 -7.25
35087.73 95.0592 1.6 10.93886 -761.5 -7.25
35112.25 95.18223 1.6 10.83191 -761 -7.25
35139.42 95.20106 1.6 10.60534 -760.25 -7.25
35166.21 95.22305 1.6 10.3769 -759.5 -7.25
35193.26 95.24889 1.6 10.15017 -758.5 -7.25
35220.16 95.28044 1.6 9.932528 -756.75 -7.25
35246.07 95.31641 1.6 9.711641 -755.75 -7.25
35272.45 95.36215 1.6 9.481668 -753.75 -7.25
35300.08 95.41776 1.6 9.258676 -751 -7.25
35327.17 95.48055 1.6 9.039689 -749 -7.25
35354.02 95.55006 1.6 8.825736 -747 -7.25
35380.53 95.62251 1.6 8.623938 -745.25 -7.25
35405.8 95.71189 1.6 8.399898 -743.25 -7.25
35434.22 95.79647 1.6 8.195707 -742.5 -7.5
35460.27 95.89474 1.6 7.972375 -741.25 -7.5
35489.02 95.97686 1.6 7.794239 -740.25 -7.5
35512.14 96.06935 1.6 7.604611 -739 -7.75
35537 96.1609 1.6 7.424933 -738 -8
35560.77 96.25799 1.6 7.240396 -737.25 -8
35585.34 96.35838 1.6 7.057412 -736.25 -8
35609.94 96.46105 1.6 6.879576 -735 -8.25
35634.14 96.56958 1.6 6.698953 -734 -8.25
35658.97 96.67944 1.6 6.521418 -733.25 -8.5
35683.58 96.80286 1.6 6.329547 -732.25 -8.75
35710.46 96.93749 1.6 6.131822 -730.75 -9
35738.66 97.07741 1.6 5.941005 -728.75 -9.25
35766.54 97.22227 1.6 5.752206 -727.5 -9.25
35794.59 97.37043 1.6 5.570878 -725.75 -9.25
35822.18 97.52335 1.6 5.39184 -724.5 -9.5
35849.93 97.68362 1.6 5.215398 -722.75 -10
35878.02 97.84485 1.6 5.040981 -722.25 -10
35906.02 98.00603 1.6 4.87113 -721.5 -10.25
35933.61 98.17118 1.6 4.698617 -721.25 -10.25
35961.75 98.3325 1.6 4.533024 -720.75 -10.5
35989 98.50318 1.6 4.360845 -720.25 -10.75
36017.57 98.67564 1.6 4.191369 -719.5 -10.75
36046.07 98.86131 1.6 4.012072 -719 -10.75
36076.48 99.04153 1.6 3.842539 -718.25 -11
36105.64 99.20816 1.6 3.849086 -717.75 -11
36133.44 99.38005 1.6 3.858847 -716.75 -11
36162.13 99.55141 1.6 3.872333 -715.5 -11.25
36190.78 99.72413 1.6 3.889724 -714.25 -11.5
36219.71 99.89642 1.6 3.910879 -713 -11.75
36248.64 100.0712 1.6 3.933895 -712.5 -11.75
36278.03 100.246 1.6 3.957685 -712.25 -11.75
36307.43 100.4208 1.6 3.982238 -712 -11.75
36336.83 100.5976 1.6 4.007882 -711.75 -11.75
36366.62 100.7781 1.6 4.03566 -711.25 -11.75
36397.05 100.9498 1.6 4.063629 -710.75 -11.75
36426.05 101.1183 1.6 4.092576 -710.25 -11.75
36454.54 101.3013 1.6 4.128151 -709 -11.75
36485.61 101.4809 1.6 4.167138 -707.75 -11.75
36516.24 101.6549 1.6 4.208911 -706.5 -11.75
36546.06 101.8316 1.6 4.256267 -705 -11.75
36576.56 102.0057 1.6 4.307018 -703.75 -11.75
36606.79 102.1771 1.6 4.359402 -703 -11.75
36636.65 102.3492 1.6 4.383507 -702 -11.75
36666.82 102.521 1.6 4.383508 -701.25 -11.75
36697.04 102.6939 1.6 4.423197 -700.5 -11.75
36726.04 102.8483 1.6 4.480172 -699.75 -11.75
36753.47 103.0061 1.6 4.540722 -699 -11.75
36781.63 103.1626 1.6 4.604768 -697.75 -11.75
36809.82 103.3163 1.6 4.670796 -696.75 -11.75
36837.7 103.4662 1.6 4.743086 -694.25 -11.75
36865.43 103.6161 1.6 4.824472 -691.5 -11.75
36893.86 103.7559 1.6 4.915298 -687 -11.25
36921.65 103.8884 1.6 5.022579 -681 -11.25
36950.06 104.0111 1.6 5.141094 -676 -11.25
36978.5 104.118 1.6 5.273112 -669 -11.25
37006.81 104.211 1.6 5.407086 -664.75 -11.25
37033.98 104.368 1.6 5.314595 -660.5 -11.25
37064.36 104.5091 1.6 5.238782 -658.25 -11.25
37091.05 104.6659 1.6 5.160594 -656.5 -11.25
37120.26 104.8227 1.6 5.086647 -655.25 -11.25
37149.15 104.8227 1.6 5.086647 -654 -11.25
37179.61 104.8227 1.6 5.086647 -652.25 -11.25
37210.18 104.8227 1.6 5.086647 -650.75 -11.25
37239.25 104.8227 1.6 5.086647 -649.5 -11.25
37269.49 104.8227 1.6 5.086647 -648 -11.25
37298.34 104.8227 1.6 5.086647 -646 -11.25
37328.31 104.8227 1.6 5.086647 -644.25 -11
37358.16 104.8227 1.6 5.086647 -642.75 -11
37387 104.8227 1.6 5.086647 -640.25 -11
37414.81 104.8227 1.6 5.086647 -638.25 -11
37445.09 104.8227 1.6 5.086647 -636 -11
37474.62 104.8227 1.6 5.086647 -634.25 -11
37503.19 104.8227 1.6 5.086647 -632.5 -11
37533.29 104.8227 1.6 5.086647 -630.5 -11
37563.47 104.8227 1.6 5.086647 -629.25 -11
37594.3 104.8227 1.6 5.086647 -628 -11
37623.93 104.8227 1.6 5.086647 -626.5 -11
37653.46 104.8227 1.6 5.086647 -624 -11.25
37684.23 104.8227 1.6 5.086647 -621.5 -11.5
37713.52 104.8227 1.6 5.086647 -618.5 -11.5
37745.85 104.8227 1.6 5.086647 -615.25 -11.5
37778 104.8227 1.6 5.086647 -613.25 -11.5
37804.45 104.8227 1.6 5.086647 -610.5 -11.5
37835.18 104.8227 1.6 5.086647 -608.25 -11.5
37865.27 104.8227 1.6 5.086647 -605.75 -11.5
37896.09 104.8227 1.6 5.086647 -602.25 -11.5
37928.71 104.8227 1.6 5.086647 -598.5 -11.5
37960.26 104.8227 1.6 5.086647 -595 -11.5
37988.49 104.8227 1.6 5.086647 -590.5 -11.5
38018.93 104.8227 1.6 5.086647 -586.75 -11.5
38050.26 104.8227 1.6 5.086647 -583 -11.5
38080.77 104.8227 1.6 5.086647 -578.75 -11
38112.83 104.8227 1.6 5.086647 -576.5 -10.5
38142.26 104.8227 1.6 5.086647 -574 -10.25
38174.16 104.8227 1.6 5.086647 -569.75 -9.75
38207.88 104.8227 1.6 5.086647 -567.5 -9.5
38243.29 104.8227 1.6 5.086647 -564.75 -9.25
38276.15 104.8227 1.6 5.086647 -561.75 -9
38310.53 104.8227 1.6 5.086647 -559.75 -8.75
38345.66 104.8227 1.6 5.086647 -557.75 -8.75
38378.2 104.8227 1.6 5.086647 -555.75 -8.25
38411.98 104.8227 1.6 5.086647 -554 -8.25
38444.8 104.8227 1.6 5.086647 -552.75 -8.25
38477.54 104.8227 1.6 5.086647 -551.75 -8.25
38510.47 104.8227 1.6 5.086647 -551 -8
38544.57 104.8227 1.6 5.086647 -550.75 -8
38577.84 104.8227 1.6 5.086647 -550.75 -8
38611.16 104.8227 1.6 5.086647 -550.5 -8
38643.82 104.8227 1.6 5.086647 -550.5 -8
38675.83 104.8227 1.6 5.086647 -550.5 -8
38710.34 104.8227 1.6 5.086647 -550.5 -8
38742.12 104.8227 1.6 5.086647 -551.25 -8
38774.4 104.8227 1.6 5.086647 -553 -8
38805.44 104.8227 1.6 5.086647 -557.75 -8
38841.45 104.8227 1.6 5.086647 -561.25 -7.5
38869.79 104.8227 1.6 5.086647 -567.25 -6.75
38903.41 104.8227 1.6 5.086647 -570.5 -6.5
38936.73 104.8227 1.6 5.086647 -573 -6
38965.24 104.8227 1.6 5.086647 -576.75 -5.75
39000.06 104.8227 1.6 5.086647 -580 -5.25
39032.88 104.8227 1.6 5.086647 -583 -5
39063.65 104.8227 1.6 5.086647 -587.5 -5
39100.46 104.8227 1.6 5.086647 -592 -5
39132.8 104.8227 1.6 5.086647 -595.25 -5
39167.75 104.8227 1.6 5.086647 -598 -4.75
39204.05 104.8227 1.6 5.086647 -600.25 -4.75
39237.76 104.8227 1.6 5.086647 -602 -4.75
39269.52 104.8227 1.6 5.086647 -603.75 -4.75
39299.84 104.8227 1.6 5.086647 -606.5 -4.75
39331.03 104.8227 1.6 5.086647 -609.75 -4.75
39363.73 104.8227 1.6 5.086647 -612.5 -4.75
39394.25 104.8227 1.6 5.086647 -615.25 -4.75
39425.77 104.8227 1.6 5.086647 -618.25 -4.75
39455.83 104.8227 1.6 5.086647 -621 -4.75
39483.68 104.8227 1.6 5.086647 -624.5 -4.75
39517.32 104.8227 1.6 5.086647 -627.25 -4.75
39548.33 104.8227 1.6 5.086647 -629.5 -5.25
39578.6 104.8227 1.6 5.086647 -631.5 -6
39609.36 104.8227 1.6 5.086647 -633.25 -6.25
39640.39 104.8227 1.6 5.086647 -634.75 -7
39671.88 104.8227 1.6 5.086647 -636.25 -7.5
39701.38 104.8227 1.6 5.086647 -637.25 -8
39731.21 104.8227 1.6 5.086647 -637.5 -8
39763.37 104.8227 1.6 5.086647 -637.5 -8
39793.82 104.8227 1.6 5.086647 -637.5 -8
39824.4 104.8227 1.6 5.086647 -637.5 -8
39853.74 104.8227 1.6 5.086647 -638.25 -8.25
39882.3 104.8227 1.6 5.086647 -638.25 -8.25
39911.67 104.8227 1.6 5.086647 -638.25 -8.25
39942.62 104.8227 1.6 5.086647 -638.25 -8.25
39973.2 104.8227 1.6 5.086647 -638.25 -8.25
40003.32 104.8227 1.6 5.086647 -638.25 -8.25
40032.58 104.8227 1.6 5.086647 -638.25 -8.25
40062.59 104.8227 1.6 5.086647 -638.25 -8.25
40091.69 104.8227 1.6 5.086647 -638.25 -8.25
40122.84 104.8227 1.6 5.086647 -638.25 -8.25
40150.52 104.8227 1.6 5.086647 -638.25 -8.25
40182.02 104.8227 1.6 5.086647 -638.25 -8.25
40211.23 104.8227 1.6 5.086647 -638.25 -8.25
40243.84 104.8227 1.6 5.086647 -638.25 -8.25
40273.8 104.8227 1.6 5.086647 -638.25 -8.25
40303.11 104.8227 1.6 5.086647 -638.25 -8.25
40333.41 104.8227 1.6 5.086647 -638.25 -8.25
40363.14 104.8227 1.6 5.086647 -638.25 -8.25
40393.36 104.8227 1.6 5.086647 -638.25 -8.25
40423.28 104.8227 1.6 5.086647 -638.25 -8.25
40453.25 104.8227 1.6 5.086647 -638.25 -8.25
40483.03 104.8227 1.6 5.086647 -638.25 -8.25
40514.04 104.8227 1.6 5.086647 -638.25 -8.25
40544.23 104.8227 1.6 5.086647 -638.25 -8.25
40574.62 104.8227 1.6 5.086647 -638.25 -8.25
40604.22 104.8227 1.6 5.086647 -638.25 -8.25
40633.62 104.8227 1.6 5.086647 -638.25 -8.25
40664.32 104.8227 1.6 5.086647 -638.25 -8.25
40693.99 104.8227 1.6 5.086647 -638.25 -8.25
40719.59 104.8227 1.6 5.086647 -638.25 -8.25
40749.31 104.8227 1.6 5.086647 -638.25 -8.25
40778.36 104.8227 1.6 5.086647 -638.25 -8.25
40809.42 104.8227 1.6 5.086647 -638.25 -8.25
40838.36 104.8227 1.6 5.086647 -638.25 -8.25
40868.59 104.8227 1.6 5.086647 -638.25 -8.25
40898.66 104.8227 1.6 5.086647 -638.25 -8.25
40930.66 104.8227 1.6 5.086647 -638.25 -8.25
40960.64 104.8227 1.6 5.086647 -638.25 -8.25
40991.88 104.8227 1.6 5.086647 -638.25 -8.25
41020.36 104.8227 1.6 5.086647 -638.25 -8.25
41049.06 104.8227 1.6 5.086647 -638.25 -8.25
41079.49 104.8227 1.6 5.086647 -638.25 -8.25
41107.86 104.8227 1.6 5.086647 -638.25 -8.25
41140.33 104.8227 1.6 5.086647 -638.25 -8.25
41171.55 104.8227 1.6 5.086647 -638.25 -8.25
41197.4 104.8227 1.6 5.086647 -638.25 -8.25
41227.49 104.8227 1.6 5.086647 -638.25 -8.25
41258.87 104.8227 1.6 5.086647 -638.25 -8.25
41285.38 104.8227 1.6 5.086647 -638.25 -8.25
41314.87 104.8227 1.6 5.086647 -638.25 -8.25
41345.88 104.8227 1.6 5.086647 -638.25 -8.25
41377.12 104.8227 1.6 5.086647 -638.25 -8.25
41406.28 104.8227 1.6 5.086647 -638.25 -8.25
41436.78 104.8227 1.6 5.086647 -638.25 -8.25
41465.29 104.8227 1.6 5.086647 -638.25 -8.25
41492.44 104.8227 1.6 5.086647 -638.25 -8.25
41524.66 104.8227 1.6 5.086647 -638.25 -8.25
41554.51 104.8227 1.6 5.086647 -638.25 -8.25
41583.63 104.8227 1.6 5.086647 -638.25 -8.25
41613.43 104.8227 1.6 5.086647 -638.25 -8.25
41644.64 104.8227 1.6 5.086647 -638.25 -8.25
41674.68 104.8227 1.6 5.086647 -638.25 -8.25
41704.13 104.8227 1.6 5.086647 -638.25 -8.25
41733.72 104.8227 1.6 5.086647 -638.25 -8.25
41764.42 104.8227 1.6 5.086647 -638.25 -8.25
41794.93 104.8227 1.6 5.086647 -638.25 -8.25
41823.37 104.8227 1.6 5.086647 -638.25 -8.25
41854.11 104.8227 1.6 5.086647 -638.25 -8.25
41883.59 104.8227 1.6 5.086647 -638.25 -8.25
41914.31 104.8227 1.6 5.086647 -638.25 -8.25
41944.36 104.8227 1.6 5.086647 -638.25 -8.25
41974.69 104.8227 1.6 5.086647 -638.25 -8.25
42004.17 104.8227 1.6 5.086647 -638.25 -8.25
42032.68 104.8227 1.6 5.086647 -638.25 -8.25
42063.21 104.8227 1.6 5.086647 -638.25 -8.25
42094.32 104.8227 1.6 5.086647 -638.25 -8.25
42125.54 104.8227 1.6 5.086647 -638.25 -8.25
42153.66 104.8227 1.6 5.086647 -638.25 -8.25
42182.43 104.8227 1.6 5.086647 -638.25 -8.25
42211.74 104.8227 1.6 5.086647 -638.25 -8.25
42242.82 104.8227 1.6 5.086647 -638.25 -8.25
42270.45 104.8227 1.6 5.086647 -638.25 -8.25
42302.67 104.8227 1.6 5.086647 -638.25 -8.25
42331.87 104.8227 1.6 5.086647 -638.25 -8.25
42363.9 104.8227 1.6 5.086647 -638.25 -8.25
42394.11 104.8227 1.6 5.086647 -638.25 -8.25
42424.36 104.8227 1.6 5.086647 -638.25 -8.25
42453.73 104.8227 1.6 5.086647 -638.25 -8.25
42483.56 104.8227 1.6 5.086647 -638.25 -8.25
42511.61 104.8227 1.6 5.086647 -638.25 -8.25
42544.27 104.8227 1.6 5.086647 -638.25 -8.25
42573.51 104.8227 1.6 5.086647 -638.25 -8.25
42603.37 104.8227 1.6 5.086647 -638.25 -8.25
42633.57 104.8227 1.6 5.086647 -638.25 -8.25
42664.14 104.8227 1.6 5.086647 -638.25 -8.25
42694.39 104.8227 1.6 5.086647 -638.25 -8.25
42724.36 104.8227 1.6 5.086647 -638.25 -8.25
42752.94 104.8227 1.6 5.086647 -638.25 -8.25
42782.02 104.8227 1.6 5.086647 -638.25 -8.25
42810.11 104.8227 1.6 5.086647 -638.25 -8.25
42843.34 104.8227 1.6 5.086647 -638.25 -8.25
42874.38 104.8227 1.6 5.086647 -638.25 -8.25
42904.55 104.8227 1.6 5.086647 -638.25 -8.25
42933.43 104.8227 1.6 5.086647 -638.25 -8.25
42963.57 104.8227 1.6 5.086647 -638.25 -8.25
42993.55 104.8227 1.6 5.086647 -638.25 -8.25
43021.86 104.8227 1.6 5.086647 -638.25 -8.25
43051.97 104.8227 1.6 5.086647 -638.25 -8.25
43082.47 104.8227 1.6 5.086647 -638.25 -8.25
43111.43 104.8227 1.6 5.086647 -638.25 -8.25
43141.06 104.8227 1.6 5.086647 -638.25 -8.25
43172.88 104.8227 1.6 5.086647 -637.75 -8
43202.44 104.8227 1.6 5.086647 -636.25 -7.75
43231.37 104.8227 1.6 5.086647 -634 -7.5
43259.92 104.8227 1.6 5.086647 -629.75 -7
43290.27 104.8227 1.6 5.086647 -626.5 -6.75
43321.26 104.8227 1.6 5.086647 -625 -6.75
43353.28 104.8227 1.6 5.086647 -625 -6.75
43383.64 104.8227 1.6 5.086647 -625 -6.75
43414.81 104.8227 1.6 5.086647 -624.25 -6.75
43448.06 104.8227 1.6 5.086647 -623.75 -6.5
43475.33 104.8227 1.6 5.086647 -622.75 -6.5
43505.57 104.8227 1.6 5.086647 -619.75 -6.25
43536.76 104.8227 1.6 5.086647 -617.5 -6.25
43567.22 104.8227 1.6 5.086647 -617 -6.25
43596.68 104.8227 1.6 5.086647 -615.75 -6.25
43627.71 104.8227 1.6 5.086647 -614.25 -6.25
43659.29 104.8227 1.6 5.086647 -612 -6.25
43690.82 104.8227 1.6 5.086647 -607.5 -6.25
43722.06 104.8227 1.6 5.086647 -602.75 -6.25
43752.68 104.8227 1.6 5.086647 -599.75 -6.25
43782.06 104.8227 1.6 5.086647 -595 -6.25
43811.65 104.8227 1.6 5.086647 -591 -6.25
43838.39 104.8227 1.6 5.086647 -587.25 -6
43868.4 104.8227 1.6 5.086647 -584.5 -6
43899.58 104.8227 1.6 5.086647 -580.5 -5.75
43931.52 104.8227 1.6 5.086647 -576.5 -5.75
43962.54 104.8227 1.6 5.086647 -573.5 -5.75
43994.31 104.8227 1.6 5.086647 -570.25 -5.75
44027.48 104.8227 1.6 5.086647 -567.5 -5.75
44060.7 104.8227 1.6 5.086647 -564.5 -5.75
44096.13 104.8227 1.6 5.086647 -561.75 -5.75
44130.32 104.8227 1.6 5.086647 -559.25 -5.75
44162.8 104.8227 1.6 5.086647 -557.5 -5.75
44197.54 104.8227 1.6 5.086647 -557.5 -5.75
44232.12 104.8227 1.6 5.086647 -557.5 -5.75
44265.85 104.8227 1.6 5.086647 -557.5 -5.75
44297.43 104.8227 1.6 5.086647 -557.5 -5.75
44332.38 104.8227 1.6 5.086647 -557.75 -5.75
44363.78 104.8227 1.6 5.086647 -558 -5.75
44397.76 104.8227 1.6 5.086647 -558.25 -5.75
44426.59 104.8227 1.6 5.086647 -558.5 -5.75
44461.2 104.8227 1.6 5.086647 -559 -5.75
44493.98 104.8227 1.6 5.086647 -559.25 -5.75
44527.24 104.8227 1.6 5.086647 -559.25 -5.75
44560.08 104.8227 1.6 5.086647 -559.25 -5.75
44594.23 104.8227 1.6 5.086647 -559.25 -5.75
44627.8 104.8227 1.6 5.086647 -560 -5.75
44660.1 104.8227 1.6 5.086647 -561.5 -5.75
44692.81 104.8227 1.6 5.086647 -563.25 -5.25
44725.41 104.8227 1.6 5.086647 -565.75 -5
44760.2 104.8227 1.6 5.086647 -567.75 -4.75
44793.78 104.8227 1.6 5.086647 -570 -4.75
44827.56 104.8227 1.6 5.086647 -572.5 -4.25
44859.1 104.8227 1.6 5.086647 -575 -4
44892.16 104.8227 1.6 5.086647 -578.25 -3.75
44925.52 104.8227 1.6 5.086647 -582.75 -3.75
44960.17 104.8227 1.6 5.086647 -585 -3.5
44994.75 104.8227 1.6 5.086647 -587.25 -3.5
45027.96 104.8227 1.6 5.086647 -589.75 -3.5
45063.04 104.8227 1.6 5.086647 -594 -3.75
45097.41 104.8227 1.6 5.086647 -602.25 -5
45130.85 104.8227 1.6 5.086647 -611.25 -6
45162.45 104.8227 1.6 5.086647 -626.25 -7.25
45192.45 104.8227 1.6 5.086647 -643 -8.75
45223.09 104.8227 1.6 5.086647 -653.75 -8.75
45253.23 104.8227 1.6 5.086647 -665.75 -8.75
45284.77 104.8227 1.6 5.086647 -675 -9
45314.82 104.8227 1.6 5.086647 -681.75 -9
45346.62 104.8227 1.6 5.086647 -688.5 -9
45376.92 104.8227 1.6 5.086647 -695.5 -10
45404.62 104.8227 1.6 5.086647 -705.25 -11.25
45434.1 104.8227 1.6 5.086647 -713 -11.5
45463.75 104.8227 1.6 5.086647 -718.75 -11.75
45488.56 104.8227 1.6 5.086647 -723.25 -12.25
45514.28 104.8227 1.6 5.086647 -726.75 -12.75
45541.87 104.8227 1.6 5.086647 -730 -12.75
45566.03 104.8227 1.6 5.086647 -731.5 -12.75
45594.01 104.8227 1.6 5.086647 -731.5 -12.75
45621.44 104.8227 1.6 5.086647 -731.5 -12.75
45648.72 104.8227 1.6 5.086647 -731.5 -12.75
45676.18 104.9855 1.6 5.053527 -731.5 -12.75
45703.87 105.1456 1.6 5.020946 -731.5 -12.75
45731.11 105.3056 1.6 4.988401 -731.5 -12.75
45758.32 105.4684 1.6 4.955282 -731.5 -12.75
45786 105.6315 1.6 4.922099 -731.5 -12.75
45813.75 105.7955 1.6 4.888724 -731.5 -12.75
45841.65 105.9565 1.6 4.855979 -731.5 -12.75
45869.02 106.1186 1.6 4.822997 -731.5 -12.75
45896.6 106.2811 1.6 4.792873 -730.5 -13.5
45924.15 106.447 1.6 4.77398 -726.5 -13.75
45951.96 106.6085 1.6 4.756998 -726 -13.75
45979.04 106.7732 1.6 4.739686 -726 -13.75
46006.64 106.9411 1.6 4.722039 -726 -13.75
46034.78 107.1048 1.6 4.704837 -726 -13.75
46062.21 107.2692 1.6 4.687554 -726 -13.75
46089.77 107.4357 1.6 4.670061 -726 -13.75
46117.66 107.5974 1.6 4.65306 -726 -13.75
46144.77 107.7639 1.6 4.635561 -726 -13.75
46172.67 107.8932 1.6 4.621972 -726 -13.75
46194.34 108.0708 1.6 4.603306 -726 -13.75
46224.1 108.2415 1.6 4.585368 -726 -13.75
46252.7 108.4064 1.6 4.568766 -725.75 -13.75
46280.32 108.577 1.6 4.550832 -726 -13.5
46308.91 108.744 1.6 4.533281 -726 -13.5
46336.89 108.9174 1.6 4.51506 -726 -13.5
46365.95 109.0817 1.6 4.497787 -726 -13.5
46393.49 109.2486 1.6 4.48024 -726 -13.5
46421.46 109.4102 1.6 4.463264 -726 -13.5
46448.54 109.579 1.6 4.445521 -726 -13.5
46476.82 109.7531 1.6 4.427223 -726 -13.25
46506 109.9239 1.6 4.40776 -726.5 -13.25
46534.66 110.0868 1.6 4.389193 -726.5 -13.25
46561.99 110.2501 1.6 4.369148 -727 -13.25
46589.41 110.4113 1.6 4.347925 -727.5 -13
46616.51 110.5725 1.6 4.325271 -728 -13
46643.64 110.7325 1.6 4.299208 -729.25 -12.75
46670.66 110.8907 1.6 4.271315 -730 -12.75
46697.43 111.0481 1.6 4.240717 -731 -12.75
46724.16 111.2042 1.6 4.20684 -732.25 -12.75
46750.77 111.3667 1.6 4.168554 -733.25 -12.75
46778.61 111.5192 1.6 4.129826 -734.25 -12.75
46804.84 111.6755 1.6 4.087968 -735 -12.75
46831.79 111.8209 1.6 4.046951 -735.75 -12.75
46856.97 111.9715 1.6 4.002344 -736.5 -12.75
46883.15 112.1293 1.6 3.954096 -737 -12.75
46910.65 112.2777 1.6 3.907996 -737.25 -12.75
46936.56 112.3978 1.6 3.869577 -737.75 -12.75
46957.57 112.5216 1.6 3.828151 -738.5 -12.75
46979.32 112.6772 1.6 3.77382 -739.25 -12.75
47006.79 112.8289 1.6 3.717085 -740.5 -12.75
47033.79 112.9783 1.6 3.658983 -741.25 -12.75
47060.51 113.1298 1.6 3.597018 -742.25 -12.75
47087.78 113.2761 1.6 3.534916 -743 -12.75
47114.27 113.4112 1.6 3.475441 -743.75 -12.75
47138.88 113.555 1.6 3.409949 -744.5 -12.75
47165.2 113.704 1.6 3.340459 -745 -12.75
47192.61 113.8465 1.6 3.271728 -745.75 -12.75
47218.98 113.9934 1.6 3.199287 -746.25 -13
47246.27 114.1359 1.6 3.127462 -746.75 -13
47272.87 114.2813 1.6 3.052551 -747.25 -13.25
47300.14 114.4228 1.6 2.975753 -748.5 -13.25
47326.96 114.5656 1.6 2.894115 -749.75 -13.25
47354.38 114.7148 1.6 2.804477 -751 -13.5
47383.39 114.8386 1.6 2.727095 -752 -13.75
47407.73 114.9569 1.6 2.648822 -753.5 -14
47431.36 115.093 1.6 2.550828 -755.75 -14.5
47459.32 115.2209 1.6 2.447235 -759 -15
47486.75 115.3437 1.6 2.4 -762.5 -15.5
47514.49 115.4637 1.6 2.4 -767 -16
47543.84 115.5784 1.6 2.4 -769.5 -16.5
47573.25 115.6 1.6 2.4 -771 -16.5
47597.38 115.6 1.6 2.4 -772 -16.5
47622.79 115.6 1.6 2.4 -772.25 -16.5
47652.39 115.6 1.6 2.4 -773 -16.5
47680.6 115.6 1.6 2.4 -773 -16.5
47711.21 115.6 1.6 2.4 -773 -16.5
47741.53 115.6 1.6 2.4 -773 -16.5
47767.58 115.6 1.6 2.4 -773.25 -16.5
47797.52 115.6 1.6 2.4 -773.25 -16.5
47827.53 115.6 1.6 2.4 -773.5 -16.5
47858.02 115.6 1.6 2.4 -773.5 -16.5
47893.66 115.6 1.6 2.4 -773.5 -16.5
47927.27 115.6 1.6 2.4 -773.5 -16.5
47959.78 115.6 1.6 2.4 -773.5 -16.75
47986.15 115.6 1.6 2.4 -773.5 -16.75
48017.05 115.6 1.6 2.4 -773.5 -16.75
48048.28 115.6 1.6 2.4 -774 -17.25
48079.93 115.6 1.6 2.4 -774 -18
48111.38 115.6 1.6 2.4 -774 -18.25
48143.1 115.6 1.6 2.4 -774 -18.25
48175.94 115.6 1.6 2.4 -774 -18.25
48204.7 115.6 1.6 2.4 -774 -18.25
48236.61 115.6 1.6 2.4 -774 -18.25
48268.07 115.6 1.6 2.4 -774 -18.25
48299.67 115.6 1.6 2.4 -774 -18.25
48329.9 115.6 1.6 2.4 -774 -18.25
48362.6 115.6 1.6 2.4 -774 -18.25
48396.23 115.6 1.6 2.4 -774 -18.25
48428.8 115.6 1.6 2.4 -774 -18.25
48460.61 115.6 1.6 2.4 -774 -18.25
48493.75 115.6 1.6 2.4 -774 -18.25
48523.03 115.6 1.6 2.4 -774 -18.25
48551.59 115.6 1.6 2.4 -774 -18.25
48582.96 115.6 1.6 2.4 -774 -18.25
48615.62 115.6 1.6 2.4 -774 -18.25
48647.98 115.6 1.6 2.4 -774 -18.25
48679.87 115.6 1.6 2.4 -774 -18.25
48712.54 115.6 1.6 2.4 -774 -18.25
48745.25 115.6 1.6 2.4 -774 -18.25
48775.93 115.6 1.6 2.4 -774 -18.25
48806.95 115.6 1.6 2.4 -774 -18.25
48833.75 115.6 1.6 2.4 -774 -18.25
48865.68 115.6 1.6 2.4 -774 -18.25
48896.41 115.6 1.6 2.4 -774 -18.25
48929.04 115.6 1.6 2.4 -774 -18.25
48961.85 115.6 1.6 2.4 -774 -18.25
48994.29 115.6 1.6 2.4 -774 -18.25
49026.58 115.6 1.6 2.4 -774 -18.25
49059.34 115.6 1.6 2.4 -774 -18.25
49092.1 115.6 1.6 2.4 -774 -18.25
49124.41 115.6 1.6 2.4 -774 -18.25
49155.67 115.6 1.6 2.4 -774 -18.25
49186.88 115.6 1.6 2.4 -774 -18.25
49216.89 115.6 1.6 2.4 -774 -18.25
49247.93 115.6 1.6 2.4 -774 -18.25
49280.79 115.6 1.6 2.4 -774 -18.25
49311.88 115.6 1.6 2.4 -774 -18.25
49344.38 115.6 1.6 2.4 -774 -18.25
49374.88 115.6 1.6 2.4 -774 -18.25
49408.45 115.6 1.6 2.4 -774 -18.25
49439.65 115.6 1.6 2.4 -774 -18.25
49470.75 115.6 1.6 2.4 -774 -18.25
49501.56 115.6 1.6 2.4 -774 -18.25
49533.8 115.6 1.6 2.4 -774 -18.25
49566.87 115.6 1.6 2.4 -774 -18.25
49598.77 115.6 1.6 2.4 -774 -18.25
49632.05 115.6 1.6 2.4 -774 -18.25
49664.94 115.6 1.6 2.4 -774 -18.25
